0 12500.0 ,  1000
0 12500.0 ,  1000
0 12500.0 ,  1000
0 12500.0 ,  1000
0 12500.0 ,  1000
12 12488.0 ,  999
12 12488.0 ,  999
12 12488.0 ,  999
12 12488.0 ,  999
12 12488.0 ,  999
12 12488.0 ,  999
12 12488.0 ,  999
12 12488.0 ,  999
30 12475.0 ,  998
30 12475.0 ,  998
15 12450.0 ,  996
15 12450.0 ,  996
15 12450.0 ,  996
15 12450.0 ,  996
7 12438.0 ,  995
7 12438.0 ,  995
7 12438.0 ,  995
7 12438.0 ,  995
7 12438.0 ,  995
7 12438.0 ,  995
-11 12425.0 ,  994
-11 12425.0 ,  994
-9 12413.0 ,  993
-9 12413.0 ,  993
-9 12413.0 ,  993
-9 12413.0 ,  993
-9 12413.0 ,  993
13 12400.0 ,  992
12 12388.0 ,  991
12 12388.0 ,  991
12 12388.0 ,  991
12 12388.0 ,  991
12 12388.0 ,  991
20 12375.0 ,  990
20 12375.0 ,  990
20 12375.0 ,  990
20 12375.0 ,  990
20 12375.0 ,  990
20 12375.0 ,  990
60 12363.0 ,  989
60 12363.0 ,  989
60 12363.0 ,  989
60 12363.0 ,  989
60 12363.0 ,  989
60 12363.0 ,  989
60 12363.0 ,  989
46 12350.0 ,  988
34 12338.0 ,  987
38 12325.0 ,  986
38 12325.0 ,  986
38 12325.0 ,  986
38 12325.0 ,  986
38 12325.0 ,  986
26 12313.0 ,  985
26 12313.0 ,  985
26 12313.0 ,  985
32 12300.0 ,  984
34 12288.0 ,  983
32 12275.0 ,  982
31 12263.0 ,  981
31 12263.0 ,  981
31 12263.0 ,  981
31 12263.0 ,  981
31 12263.0 ,  981
31 12263.0 ,  981
17 12250.0 ,  980
17 12250.0 ,  980
17 12250.0 ,  980
11 12238.0 ,  979
15 12225.0 ,  978
17 12213.0 ,  977
17 12213.0 ,  977
11 12200.0 ,  976
11 12200.0 ,  976
11 12200.0 ,  976
11 12200.0 ,  976
19 12188.0 ,  975
19 12188.0 ,  975
19 12188.0 ,  975
19 12188.0 ,  975
19 12188.0 ,  975
41 12175.0 ,  974
41 12175.0 ,  974
37 12163.0 ,  973
37 12163.0 ,  973
37 12163.0 ,  973
37 12163.0 ,  973
37 12163.0 ,  973
37 12163.0 ,  973
37 12163.0 ,  973
80 12150.0 ,  972
80 12150.0 ,  972
80 12150.0 ,  972
80 12150.0 ,  972
108 12138.0 ,  971
112 12125.0 ,  970
100 12113.0 ,  969
87 12100.0 ,  968
87 12100.0 ,  968
87 12100.0 ,  968
87 12100.0 ,  968
77 12088.0 ,  967
77 12088.0 ,  967
73 12075.0 ,  966
73 12075.0 ,  966
73 12075.0 ,  966
73 12075.0 ,  966
77 12063.0 ,  965
77 12063.0 ,  965
77 12063.0 ,  965
77 12063.0 ,  965
77 12063.0 ,  965
77 12063.0 ,  965
77 12063.0 ,  965
77 12063.0 ,  965
117 12050.0 ,  964
117 12050.0 ,  964
117 12050.0 ,  964
117 12050.0 ,  964
117 12050.0 ,  964
107 12038.0 ,  963
94 12025.0 ,  962
94 12025.0 ,  962
94 12025.0 ,  962
94 12025.0 ,  962
94 12025.0 ,  962
87 12000.0 ,  960
87 12000.0 ,  960
87 12000.0 ,  960
87 12000.0 ,  960
87 12000.0 ,  960
87 12000.0 ,  960
103 11988.0 ,  959
107 11975.0 ,  958
107 11975.0 ,  958
107 11975.0 ,  958
107 11975.0 ,  958
135 11963.0 ,  957
135 11963.0 ,  957
135 11963.0 ,  957
135 11963.0 ,  957
135 11963.0 ,  957
135 11963.0 ,  957
135 11963.0 ,  957
123 11950.0 ,  956
123 11950.0 ,  956
123 11950.0 ,  956
123 11950.0 ,  956
111 11938.0 ,  955
111 11938.0 ,  955
111 11938.0 ,  955
111 11938.0 ,  955
105 11925.0 ,  954
105 11925.0 ,  954
105 11925.0 ,  954
105 11925.0 ,  954
80 11913.0 ,  953
82 11900.0 ,  952
82 11900.0 ,  952
82 11900.0 ,  952
82 11900.0 ,  952
82 11900.0 ,  952
90 11888.0 ,  951
94 11875.0 ,  950
94 11875.0 ,  950
94 11875.0 ,  950
98 11863.0 ,  949
102 11850.0 ,  948
102 11850.0 ,  948
102 11850.0 ,  948
102 11850.0 ,  948
102 11850.0 ,  948
102 11850.0 ,  948
102 11850.0 ,  948
102 11850.0 ,  948
102 11850.0 ,  948
73 11825.0 ,  946
73 11825.0 ,  946
69 11813.0 ,  945
69 11813.0 ,  945
63 11800.0 ,  944
63 11800.0 ,  944
63 11800.0 ,  944
63 11800.0 ,  944
63 11800.0 ,  944
51 11788.0 ,  943
51 11788.0 ,  943
51 11788.0 ,  943
51 11788.0 ,  943
64 11775.0 ,  942
64 11775.0 ,  942
64 11775.0 ,  942
64 11775.0 ,  942
64 11775.0 ,  942
64 11775.0 ,  942
46 11763.0 ,  941
46 11763.0 ,  941
46 11763.0 ,  941
46 11763.0 ,  941
46 11763.0 ,  941
46 11763.0 ,  941
46 11763.0 ,  941
46 11763.0 ,  941
68 11750.0 ,  940
68 11750.0 ,  940
68 11750.0 ,  940
68 11750.0 ,  940
99 11738.0 ,  939
99 11738.0 ,  939
99 11738.0 ,  939
91 11725.0 ,  938
91 11725.0 ,  938
91 11725.0 ,  938
99 11713.0 ,  937
99 11713.0 ,  937
103 11700.0 ,  936
103 11700.0 ,  936
108 11675.0 ,  934
108 11675.0 ,  934
108 11675.0 ,  934
108 11675.0 ,  934
108 11675.0 ,  934
108 11675.0 ,  934
122 11663.0 ,  933
120 11650.0 ,  932
120 11650.0 ,  932
126 11638.0 ,  931
126 11638.0 ,  931
126 11638.0 ,  931
126 11638.0 ,  931
126 11638.0 ,  931
126 11638.0 ,  931
126 11638.0 ,  931
126 11638.0 ,  931
92 11625.0 ,  930
92 11625.0 ,  930
92 11625.0 ,  930
92 11625.0 ,  930
88 11600.0 ,  928
88 11600.0 ,  928
88 11600.0 ,  928
88 11600.0 ,  928
102 11588.0 ,  927
102 11588.0 ,  927
121 11575.0 ,  926
121 11550.0 ,  924
120 11538.0 ,  923
120 11538.0 ,  923
120 11538.0 ,  923
120 11538.0 ,  923
120 11538.0 ,  923
114 11525.0 ,  922
114 11525.0 ,  922
114 11525.0 ,  922
114 11525.0 ,  922
125 11500.0 ,  920
125 11500.0 ,  920
121 11488.0 ,  919
121 11488.0 ,  919
121 11488.0 ,  919
121 11488.0 ,  919
121 11488.0 ,  919
121 11488.0 ,  919
121 11488.0 ,  919
121 11488.0 ,  919
121 11488.0 ,  919
164 11475.0 ,  918
163 11463.0 ,  917
163 11463.0 ,  917
163 11463.0 ,  917
163 11463.0 ,  917
163 11463.0 ,  917
163 11463.0 ,  917
163 11463.0 ,  917
203 11450.0 ,  916
203 11450.0 ,  916
203 11450.0 ,  916
203 11450.0 ,  916
225 11438.0 ,  915
225 11438.0 ,  915
225 11438.0 ,  915
225 11438.0 ,  915
225 11438.0 ,  915
235 11425.0 ,  914
237 11413.0 ,  913
237 11413.0 ,  913
237 11413.0 ,  913
237 11413.0 ,  913
237 11413.0 ,  913
237 11413.0 ,  913
200 11400.0 ,  912
200 11400.0 ,  912
200 11400.0 ,  912
210 11388.0 ,  911
210 11388.0 ,  911
210 11388.0 ,  911
210 11388.0 ,  911
220 11375.0 ,  910
220 11375.0 ,  910
220 11375.0 ,  910
220 11375.0 ,  910
233 11363.0 ,  909
235 11350.0 ,  908
235 11350.0 ,  908
235 11350.0 ,  908
235 11350.0 ,  908
210 11338.0 ,  907
210 11338.0 ,  907
210 11338.0 ,  907
210 11338.0 ,  907
210 11338.0 ,  907
210 11338.0 ,  907
188 11325.0 ,  906
187 11313.0 ,  905
187 11313.0 ,  905
187 11313.0 ,  905
206 11300.0 ,  904
206 11300.0 ,  904
206 11300.0 ,  904
206 11300.0 ,  904
222 11288.0 ,  903
222 11288.0 ,  903
222 11288.0 ,  903
222 11288.0 ,  903
222 11288.0 ,  903
222 11288.0 ,  903
222 11288.0 ,  903
222 11288.0 ,  903
222 11275.0 ,  902
222 11275.0 ,  902
226 11263.0 ,  901
226 11263.0 ,  901
226 11263.0 ,  901
226 11263.0 ,  901
226 11263.0 ,  901
226 11263.0 ,  901
254 11250.0 ,  900
254 11250.0 ,  900
254 11250.0 ,  900
254 11250.0 ,  900
254 11250.0 ,  900
254 11250.0 ,  900
288 11238.0 ,  899
288 11238.0 ,  899
288 11238.0 ,  899
288 11238.0 ,  899
288 11238.0 ,  899
282 11225.0 ,  898
282 11225.0 ,  898
282 11225.0 ,  898
282 11225.0 ,  898
282 11225.0 ,  898
260 11213.0 ,  897
260 11213.0 ,  897
260 11213.0 ,  897
260 11213.0 ,  897
266 11200.0 ,  896
265 11188.0 ,  895
263 11175.0 ,  894
263 11175.0 ,  894
273 11150.0 ,  892
273 11150.0 ,  892
269 11138.0 ,  891
269 11138.0 ,  891
269 11138.0 ,  891
269 11138.0 ,  891
269 11138.0 ,  891
269 11138.0 ,  891
294 11125.0 ,  890
294 11125.0 ,  890
294 11125.0 ,  890
294 11125.0 ,  890
294 11125.0 ,  890
294 11125.0 ,  890
308 11113.0 ,  889
308 11113.0 ,  889
308 11113.0 ,  889
308 11113.0 ,  889
314 11100.0 ,  888
314 11100.0 ,  888
314 11100.0 ,  888
314 11100.0 ,  888
321 11075.0 ,  886
321 11075.0 ,  886
321 11075.0 ,  886
321 11075.0 ,  886
313 11063.0 ,  885
313 11063.0 ,  885
313 11063.0 ,  885
313 11063.0 ,  885
313 11063.0 ,  885
313 11063.0 ,  885
313 11063.0 ,  885
313 11063.0 ,  885
362 11050.0 ,  884
362 11050.0 ,  884
362 11050.0 ,  884
362 11050.0 ,  884
362 11050.0 ,  884
362 11050.0 ,  884
344 11038.0 ,  883
342 11025.0 ,  882
342 11025.0 ,  882
342 11025.0 ,  882
342 11025.0 ,  882
339 11000.0 ,  880
339 11000.0 ,  880
339 11000.0 ,  880
339 11000.0 ,  880
339 11000.0 ,  880
339 11000.0 ,  880
339 11000.0 ,  880
293 10988.0 ,  879
293 10988.0 ,  879
293 10988.0 ,  879
293 10988.0 ,  879
293 10988.0 ,  879
268 10975.0 ,  878
268 10975.0 ,  878
266 10963.0 ,  877
266 10963.0 ,  877
266 10963.0 ,  877
266 10963.0 ,  877
266 10963.0 ,  877
266 10963.0 ,  877
241 10950.0 ,  876
241 10950.0 ,  876
241 10950.0 ,  876
241 10950.0 ,  876
241 10950.0 ,  876
241 10950.0 ,  876
210 10938.0 ,  875
210 10938.0 ,  875
210 10938.0 ,  875
210 10938.0 ,  875
210 10938.0 ,  875
210 10938.0 ,  875
210 10938.0 ,  875
210 10938.0 ,  875
228 10925.0 ,  874
228 10925.0 ,  874
228 10925.0 ,  874
228 10925.0 ,  874
228 10925.0 ,  874
228 10925.0 ,  874
228 10925.0 ,  874
228 10925.0 ,  874
228 10925.0 ,  874
281 10900.0 ,  872
281 10900.0 ,  872
281 10900.0 ,  872
281 10900.0 ,  872
281 10900.0 ,  872
303 10888.0 ,  871
303 10888.0 ,  871
303 10888.0 ,  871
303 10888.0 ,  871
303 10888.0 ,  871
315 10875.0 ,  870
315 10875.0 ,  870
321 10863.0 ,  869
321 10863.0 ,  869
321 10863.0 ,  869
321 10863.0 ,  869
340 10850.0 ,  868
340 10850.0 ,  868
340 10850.0 ,  868
340 10850.0 ,  868
340 10850.0 ,  868
340 10850.0 ,  868
340 10850.0 ,  868
340 10850.0 ,  868
340 10850.0 ,  868
340 10838.0 ,  867
340 10838.0 ,  867
340 10838.0 ,  867
340 10838.0 ,  867
340 10838.0 ,  867
340 10838.0 ,  867
332 10825.0 ,  866
332 10825.0 ,  866
332 10825.0 ,  866
332 10825.0 ,  866
328 10813.0 ,  865
328 10813.0 ,  865
332 10800.0 ,  864
332 10800.0 ,  864
338 10788.0 ,  863
338 10788.0 ,  863
322 10775.0 ,  862
322 10775.0 ,  862
322 10775.0 ,  862
322 10775.0 ,  862
322 10775.0 ,  862
300 10763.0 ,  861
300 10763.0 ,  861
300 10763.0 ,  861
300 10763.0 ,  861
300 10763.0 ,  861
308 10750.0 ,  860
308 10750.0 ,  860
308 10750.0 ,  860
308 10750.0 ,  860
308 10750.0 ,  860
295 10725.0 ,  858
294 10713.0 ,  857
294 10713.0 ,  857
294 10713.0 ,  857
294 10713.0 ,  857
294 10713.0 ,  857
294 10713.0 ,  857
294 10713.0 ,  857
294 10713.0 ,  857
260 10700.0 ,  856
260 10700.0 ,  856
260 10700.0 ,  856
260 10700.0 ,  856
260 10700.0 ,  856
248 10688.0 ,  855
248 10688.0 ,  855
248 10688.0 ,  855
248 10688.0 ,  855
248 10688.0 ,  855
248 10688.0 ,  855
248 10688.0 ,  855
248 10688.0 ,  855
270 10675.0 ,  854
270 10675.0 ,  854
270 10675.0 ,  854
270 10675.0 ,  854
270 10675.0 ,  854
260 10663.0 ,  853
260 10663.0 ,  853
260 10663.0 ,  853
260 10663.0 ,  853
252 10650.0 ,  852
252 10650.0 ,  852
252 10650.0 ,  852
252 10650.0 ,  852
246 10638.0 ,  851
246 10638.0 ,  851
246 10638.0 ,  851
230 10625.0 ,  850
230 10625.0 ,  850
249 10613.0 ,  849
249 10613.0 ,  849
249 10613.0 ,  849
249 10613.0 ,  849
249 10613.0 ,  849
249 10613.0 ,  849
249 10613.0 ,  849
235 10600.0 ,  848
235 10600.0 ,  848
235 10600.0 ,  848
241 10588.0 ,  847
241 10588.0 ,  847
241 10588.0 ,  847
241 10588.0 ,  847
241 10588.0 ,  847
266 10575.0 ,  846
266 10575.0 ,  846
266 10575.0 ,  846
266 10575.0 ,  846
266 10575.0 ,  846
266 10575.0 ,  846
266 10575.0 ,  846
242 10563.0 ,  845
242 10563.0 ,  845
242 10563.0 ,  845
242 10563.0 ,  845
242 10563.0 ,  845
230 10550.0 ,  844
230 10550.0 ,  844
230 10550.0 ,  844
230 10550.0 ,  844
230 10550.0 ,  844
230 10550.0 ,  844
230 10550.0 ,  844
211 10525.0 ,  842
211 10525.0 ,  842
230 10513.0 ,  841
230 10513.0 ,  841
236 10500.0 ,  840
236 10500.0 ,  840
236 10500.0 ,  840
236 10500.0 ,  840
236 10500.0 ,  840
226 10488.0 ,  839
226 10488.0 ,  839
226 10488.0 ,  839
226 10488.0 ,  839
226 10488.0 ,  839
232 10475.0 ,  838
232 10475.0 ,  838
232 10475.0 ,  838
226 10463.0 ,  837
226 10463.0 ,  837
226 10463.0 ,  837
226 10463.0 ,  837
232 10450.0 ,  836
232 10450.0 ,  836
232 10450.0 ,  836
219 10438.0 ,  835
219 10438.0 ,  835
215 10425.0 ,  834
215 10425.0 ,  834
217 10413.0 ,  833
217 10413.0 ,  833
217 10413.0 ,  833
217 10413.0 ,  833
217 10413.0 ,  833
217 10413.0 ,  833
217 10413.0 ,  833
197 10400.0 ,  832
197 10400.0 ,  832
197 10400.0 ,  832
191 10388.0 ,  831
189 10375.0 ,  830
189 10375.0 ,  830
189 10375.0 ,  830
189 10375.0 ,  830
189 10375.0 ,  830
189 10375.0 ,  830
203 10363.0 ,  829
203 10363.0 ,  829
203 10363.0 ,  829
203 10363.0 ,  829
203 10363.0 ,  829
195 10350.0 ,  828
195 10350.0 ,  828
195 10350.0 ,  828
195 10350.0 ,  828
195 10350.0 ,  828
183 10338.0 ,  827
185 10325.0 ,  826
185 10325.0 ,  826
185 10325.0 ,  826
185 10325.0 ,  826
185 10325.0 ,  826
185 10325.0 ,  826
165 10313.0 ,  825
165 10313.0 ,  825
165 10313.0 ,  825
165 10313.0 ,  825
165 10313.0 ,  825
165 10313.0 ,  825
137 10300.0 ,  824
136 10288.0 ,  823
123 10275.0 ,  822
123 10275.0 ,  822
123 10275.0 ,  822
123 10275.0 ,  822
113 10263.0 ,  821
113 10263.0 ,  821
113 10263.0 ,  821
113 10263.0 ,  821
113 10263.0 ,  821
113 10263.0 ,  821
113 10263.0 ,  821
82 10250.0 ,  820
82 10250.0 ,  820
82 10250.0 ,  820
82 10250.0 ,  820
82 10250.0 ,  820
82 10250.0 ,  820
100 10238.0 ,  819
98 10225.0 ,  818
98 10225.0 ,  818
98 10225.0 ,  818
98 10225.0 ,  818
98 10225.0 ,  818
76 10213.0 ,  817
76 10213.0 ,  817
76 10213.0 ,  817
76 10213.0 ,  817
76 10213.0 ,  817
84 10200.0 ,  816
84 10200.0 ,  816
84 10200.0 ,  816
88 10188.0 ,  815
88 10188.0 ,  815
88 10188.0 ,  815
88 10188.0 ,  815
88 10188.0 ,  815
98 10175.0 ,  814
98 10175.0 ,  814
98 10175.0 ,  814
98 10175.0 ,  814
88 10163.0 ,  813
88 10163.0 ,  813
88 10163.0 ,  813
88 10163.0 ,  813
82 10150.0 ,  812
81 10138.0 ,  811
81 10138.0 ,  811
81 10138.0 ,  811
81 10138.0 ,  811
81 10138.0 ,  811
81 10138.0 ,  811
47 10125.0 ,  810
47 10125.0 ,  810
47 10125.0 ,  810
41 10113.0 ,  809
41 10113.0 ,  809
41 10113.0 ,  809
41 10113.0 ,  809
41 10113.0 ,  809
35 10100.0 ,  808
35 10100.0 ,  808
34 10075.0 ,  806
34 10075.0 ,  806
34 10075.0 ,  806
15 10063.0 ,  805
15 10063.0 ,  805
15 10063.0 ,  805
15 10063.0 ,  805
15 10063.0 ,  805
15 10063.0 ,  805
25 10050.0 ,  804
24 10038.0 ,  803
24 10038.0 ,  803
24 10038.0 ,  803
24 10038.0 ,  803
36 10025.0 ,  802
35 10013.0 ,  801
39 10000.0 ,  800
39 10000.0 ,  800
39 10000.0 ,  800
39 10000.0 ,  800
39 10000.0 ,  800
39 10000.0 ,  800
64 9988.0 ,  799
64 9988.0 ,  799
64 9988.0 ,  799
64 9988.0 ,  799
64 9988.0 ,  799
64 9988.0 ,  799
78 9975.0 ,  798
78 9975.0 ,  798
78 9975.0 ,  798
78 9975.0 ,  798
101 9950.0 ,  796
100 9938.0 ,  795
100 9938.0 ,  795
100 9938.0 ,  795
100 9938.0 ,  795
100 9938.0 ,  795
78 9925.0 ,  794
78 9925.0 ,  794
78 9925.0 ,  794
78 9925.0 ,  794
78 9925.0 ,  794
86 9913.0 ,  793
86 9913.0 ,  793
86 9913.0 ,  793
86 9913.0 ,  793
86 9913.0 ,  793
86 9913.0 ,  793
86 9913.0 ,  793
86 9913.0 ,  793
68 9900.0 ,  792
68 9900.0 ,  792
68 9900.0 ,  792
74 9888.0 ,  791
74 9888.0 ,  791
68 9875.0 ,  790
68 9875.0 ,  790
68 9875.0 ,  790
68 9875.0 ,  790
68 9875.0 ,  790
68 9875.0 ,  790
102 9863.0 ,  789
102 9863.0 ,  789
98 9850.0 ,  788
98 9850.0 ,  788
98 9850.0 ,  788
93 9825.0 ,  786
93 9825.0 ,  786
93 9825.0 ,  786
93 9825.0 ,  786
85 9813.0 ,  785
85 9813.0 ,  785
85 9813.0 ,  785
85 9813.0 ,  785
85 9813.0 ,  785
85 9813.0 ,  785
85 9813.0 ,  785
85 9813.0 ,  785
85 9813.0 ,  785
45 9800.0 ,  784
45 9800.0 ,  784
45 9800.0 ,  784
45 9800.0 ,  784
45 9800.0 ,  784
35 9788.0 ,  783
35 9788.0 ,  783
35 9788.0 ,  783
35 9788.0 ,  783
35 9788.0 ,  783
13 9775.0 ,  782
13 9775.0 ,  782
13 9775.0 ,  782
13 9775.0 ,  782
13 9775.0 ,  782
13 9775.0 ,  782
13 9775.0 ,  782
13 9775.0 ,  782
65 9750.0 ,  780
68 9725.0 ,  778
68 9725.0 ,  778
65 9700.0 ,  776
65 9700.0 ,  776
65 9700.0 ,  776
65 9700.0 ,  776
65 9700.0 ,  776
65 9688.0 ,  775
65 9688.0 ,  775
65 9688.0 ,  775
65 9688.0 ,  775
65 9688.0 ,  775
65 9688.0 ,  775
40 9675.0 ,  774
42 9663.0 ,  773
42 9663.0 ,  773
42 9663.0 ,  773
42 9663.0 ,  773
42 9663.0 ,  773
42 9663.0 ,  773
42 9663.0 ,  773
22 9650.0 ,  772
22 9650.0 ,  772
22 9650.0 ,  772
22 9650.0 ,  772
22 9650.0 ,  772
28 9638.0 ,  771
28 9638.0 ,  771
28 9638.0 ,  771
28 9638.0 ,  771
28 9638.0 ,  771
16 9625.0 ,  770
16 9625.0 ,  770
16 9625.0 ,  770
38 9613.0 ,  769
38 9613.0 ,  769
38 9613.0 ,  769
38 9613.0 ,  769
38 9613.0 ,  769
38 9613.0 ,  769
38 9613.0 ,  769
75 9600.0 ,  768
75 9600.0 ,  768
80 9575.0 ,  766
80 9575.0 ,  766
80 9575.0 ,  766
80 9575.0 ,  766
80 9575.0 ,  766
70 9563.0 ,  765
70 9563.0 ,  765
70 9563.0 ,  765
70 9563.0 ,  765
70 9563.0 ,  765
70 9563.0 ,  765
70 9563.0 ,  765
54 9550.0 ,  764
54 9550.0 ,  764
54 9550.0 ,  764
54 9550.0 ,  764
32 9538.0 ,  763
32 9538.0 ,  763
32 9538.0 ,  763
32 9538.0 ,  763
32 9538.0 ,  763
32 9538.0 ,  763
32 9538.0 ,  763
32 9538.0 ,  763
72 9525.0 ,  762
72 9525.0 ,  762
72 9525.0 ,  762
72 9525.0 ,  762
65 9500.0 ,  760
65 9500.0 ,  760
65 9500.0 ,  760
65 9500.0 ,  760
65 9500.0 ,  760
65 9500.0 ,  760
65 9500.0 ,  760
65 9500.0 ,  760
65 9500.0 ,  760
117 9488.0 ,  759
117 9488.0 ,  759
117 9488.0 ,  759
117 9488.0 ,  759
117 9488.0 ,  759
117 9488.0 ,  759
117 9488.0 ,  759
117 9488.0 ,  759
117 9488.0 ,  759
117 9488.0 ,  759
117 9488.0 ,  759
166 9475.0 ,  758
166 9450.0 ,  756
166 9450.0 ,  756
166 9450.0 ,  756
172 9425.0 ,  754
171 9413.0 ,  753
171 9413.0 ,  753
171 9413.0 ,  753
171 9413.0 ,  753
171 9413.0 ,  753
171 9413.0 ,  753
171 9413.0 ,  753
187 9400.0 ,  752
187 9400.0 ,  752
187 9400.0 ,  752
183 9388.0 ,  751
183 9388.0 ,  751
183 9388.0 ,  751
167 9375.0 ,  750
167 9375.0 ,  750
186 9363.0 ,  749
186 9363.0 ,  749
186 9363.0 ,  749
186 9363.0 ,  749
186 9363.0 ,  749
186 9363.0 ,  749
186 9363.0 ,  749
158 9350.0 ,  748
158 9350.0 ,  748
158 9350.0 ,  748
158 9350.0 ,  748
136 9338.0 ,  747
136 9338.0 ,  747
136 9338.0 ,  747
136 9338.0 ,  747
136 9338.0 ,  747
136 9338.0 ,  747
136 9338.0 ,  747
136 9338.0 ,  747
118 9325.0 ,  746
118 9325.0 ,  746
118 9325.0 ,  746
118 9325.0 ,  746
118 9325.0 ,  746
118 9325.0 ,  746
118 9325.0 ,  746
118 9325.0 ,  746
142 9313.0 ,  745
142 9313.0 ,  745
142 9313.0 ,  745
142 9313.0 ,  745
142 9313.0 ,  745
142 9313.0 ,  745
142 9313.0 ,  745
142 9313.0 ,  745
173 9300.0 ,  744
175 9288.0 ,  743
191 9275.0 ,  742
191 9275.0 ,  742
191 9275.0 ,  742
191 9275.0 ,  742
191 9275.0 ,  742
191 9275.0 ,  742
223 9250.0 ,  740
223 9250.0 ,  740
223 9250.0 ,  740
223 9250.0 ,  740
223 9250.0 ,  740
223 9250.0 ,  740
223 9250.0 ,  740
192 9238.0 ,  739
192 9238.0 ,  739
192 9238.0 ,  739
192 9238.0 ,  739
192 9238.0 ,  739
192 9238.0 ,  739
192 9238.0 ,  739
161 9225.0 ,  738
161 9225.0 ,  738
161 9225.0 ,  738
161 9225.0 ,  738
161 9225.0 ,  738
161 9225.0 ,  738
147 9213.0 ,  737
147 9213.0 ,  737
147 9213.0 ,  737
147 9213.0 ,  737
147 9213.0 ,  737
147 9213.0 ,  737
147 9213.0 ,  737
147 9213.0 ,  737
147 9213.0 ,  737
147 9213.0 ,  737
175 9200.0 ,  736
175 9200.0 ,  736
175 9200.0 ,  736
175 9200.0 ,  736
175 9200.0 ,  736
175 9200.0 ,  736
175 9200.0 ,  736
193 9188.0 ,  735
193 9188.0 ,  735
193 9188.0 ,  735
193 9188.0 ,  735
193 9188.0 ,  735
205 9175.0 ,  734
205 9175.0 ,  734
205 9175.0 ,  734
205 9175.0 ,  734
205 9175.0 ,  734
205 9175.0 ,  734
177 9163.0 ,  733
177 9163.0 ,  733
177 9163.0 ,  733
177 9163.0 ,  733
181 9150.0 ,  732
181 9150.0 ,  732
181 9150.0 ,  732
181 9150.0 ,  732
181 9150.0 ,  732
181 9150.0 ,  732
218 9138.0 ,  731
218 9138.0 ,  731
218 9138.0 ,  731
218 9138.0 ,  731
218 9138.0 ,  731
218 9138.0 ,  731
218 9138.0 ,  731
238 9125.0 ,  730
238 9125.0 ,  730
238 9125.0 ,  730
238 9125.0 ,  730
267 9100.0 ,  728
267 9100.0 ,  728
267 9100.0 ,  728
267 9100.0 ,  728
262 9075.0 ,  726
261 9063.0 ,  725
261 9063.0 ,  725
261 9063.0 ,  725
261 9063.0 ,  725
261 9063.0 ,  725
261 9063.0 ,  725
261 9063.0 ,  725
261 9063.0 ,  725
298 9050.0 ,  724
300 9038.0 ,  723
300 9038.0 ,  723
300 9038.0 ,  723
300 9038.0 ,  723
300 9038.0 ,  723
300 9038.0 ,  723
328 9025.0 ,  722
341 9013.0 ,  721
341 9013.0 ,  721
341 9013.0 ,  721
341 9013.0 ,  721
341 9013.0 ,  721
331 9000.0 ,  720
331 9000.0 ,  720
331 9000.0 ,  720
331 9000.0 ,  720
331 9000.0 ,  720
331 9000.0 ,  720
331 9000.0 ,  720
349 8988.0 ,  719
349 8988.0 ,  719
349 8988.0 ,  719
349 8988.0 ,  719
349 8988.0 ,  719
349 8988.0 ,  719
380 8975.0 ,  718
380 8975.0 ,  718
380 8975.0 ,  718
380 8975.0 ,  718
380 8975.0 ,  718
387 8950.0 ,  716
386 8938.0 ,  715
386 8938.0 ,  715
386 8938.0 ,  715
386 8938.0 ,  715
386 8938.0 ,  715
386 8938.0 ,  715
386 8938.0 ,  715
346 8925.0 ,  714
346 8925.0 ,  714
346 8925.0 ,  714
346 8925.0 ,  714
346 8925.0 ,  714
338 8913.0 ,  713
338 8913.0 ,  713
338 8913.0 ,  713
346 8900.0 ,  712
334 8888.0 ,  711
334 8888.0 ,  711
334 8888.0 ,  711
338 8875.0 ,  710
338 8875.0 ,  710
338 8875.0 ,  710
338 8875.0 ,  710
338 8875.0 ,  710
351 8850.0 ,  708
351 8850.0 ,  708
351 8850.0 ,  708
351 8850.0 ,  708
357 8838.0 ,  707
357 8838.0 ,  707
357 8838.0 ,  707
357 8838.0 ,  707
357 8838.0 ,  707
357 8838.0 ,  707
357 8838.0 ,  707
323 8825.0 ,  706
323 8825.0 ,  706
323 8825.0 ,  706
323 8825.0 ,  706
323 8825.0 ,  706
323 8825.0 ,  706
307 8813.0 ,  705
307 8813.0 ,  705
307 8813.0 ,  705
307 8813.0 ,  705
307 8813.0 ,  705
307 8813.0 ,  705
321 8800.0 ,  704
321 8800.0 ,  704
305 8788.0 ,  703
305 8788.0 ,  703
305 8788.0 ,  703
305 8788.0 ,  703
305 8788.0 ,  703
305 8788.0 ,  703
305 8788.0 ,  703
287 8775.0 ,  702
287 8775.0 ,  702
287 8775.0 ,  702
287 8775.0 ,  702
287 8775.0 ,  702
287 8775.0 ,  702
287 8775.0 ,  702
287 8775.0 ,  702
247 8763.0 ,  701
247 8763.0 ,  701
249 8750.0 ,  700
249 8750.0 ,  700
249 8750.0 ,  700
249 8750.0 ,  700
249 8750.0 ,  700
249 8750.0 ,  700
280 8738.0 ,  699
280 8738.0 ,  699
276 8725.0 ,  698
276 8725.0 ,  698
276 8725.0 ,  698
276 8725.0 ,  698
276 8725.0 ,  698
288 8713.0 ,  697
288 8713.0 ,  697
284 8700.0 ,  696
284 8700.0 ,  696
282 8688.0 ,  695
282 8688.0 ,  695
282 8688.0 ,  695
282 8688.0 ,  695
282 8688.0 ,  695
282 8688.0 ,  695
282 8688.0 ,  695
264 8675.0 ,  694
266 8663.0 ,  693
266 8663.0 ,  693
266 8663.0 ,  693
266 8663.0 ,  693
266 8663.0 ,  693
266 8663.0 ,  693
266 8663.0 ,  693
266 8663.0 ,  693
266 8663.0 ,  693
266 8663.0 ,  693
240 8650.0 ,  692
240 8650.0 ,  692
240 8650.0 ,  692
240 8650.0 ,  692
231 8625.0 ,  690
231 8625.0 ,  690
231 8625.0 ,  690
231 8625.0 ,  690
206 8613.0 ,  689
206 8613.0 ,  689
206 8613.0 ,  689
206 8613.0 ,  689
206 8613.0 ,  689
206 8613.0 ,  689
206 8613.0 ,  689
206 8613.0 ,  689
222 8600.0 ,  688
222 8600.0 ,  688
218 8588.0 ,  687
218 8588.0 ,  687
218 8588.0 ,  687
218 8588.0 ,  687
218 8588.0 ,  687
249 8575.0 ,  686
249 8575.0 ,  686
249 8575.0 ,  686
249 8575.0 ,  686
241 8563.0 ,  685
241 8563.0 ,  685
241 8563.0 ,  685
241 8563.0 ,  685
241 8563.0 ,  685
241 8563.0 ,  685
241 8563.0 ,  685
272 8550.0 ,  684
272 8550.0 ,  684
272 8550.0 ,  684
272 8550.0 ,  684
250 8538.0 ,  683
250 8538.0 ,  683
250 8538.0 ,  683
258 8525.0 ,  682
258 8525.0 ,  682
258 8525.0 ,  682
258 8525.0 ,  682
258 8525.0 ,  682
246 8513.0 ,  681
246 8513.0 ,  681
246 8513.0 ,  681
246 8513.0 ,  681
254 8500.0 ,  680
254 8500.0 ,  680
252 8488.0 ,  679
252 8488.0 ,  679
252 8488.0 ,  679
252 8488.0 ,  679
252 8488.0 ,  679
252 8488.0 ,  679
252 8488.0 ,  679
252 8488.0 ,  679
252 8488.0 ,  679
252 8488.0 ,  679
307 8475.0 ,  678
307 8475.0 ,  678
307 8475.0 ,  678
307 8475.0 ,  678
307 8475.0 ,  678
311 8463.0 ,  677
311 8463.0 ,  677
311 8463.0 ,  677
311 8463.0 ,  677
311 8463.0 ,  677
325 8450.0 ,  676
325 8450.0 ,  676
325 8450.0 ,  676
325 8450.0 ,  676
325 8450.0 ,  676
325 8450.0 ,  676
297 8438.0 ,  675
297 8438.0 ,  675
297 8438.0 ,  675
297 8438.0 ,  675
297 8438.0 ,  675
297 8438.0 ,  675
311 8425.0 ,  674
311 8425.0 ,  674
311 8425.0 ,  674
311 8425.0 ,  674
321 8413.0 ,  673
321 8413.0 ,  673
321 8413.0 ,  673
321 8413.0 ,  673
321 8413.0 ,  673
343 8400.0 ,  672
343 8400.0 ,  672
341 8388.0 ,  671
341 8388.0 ,  671
341 8388.0 ,  671
341 8388.0 ,  671
341 8388.0 ,  671
341 8388.0 ,  671
329 8375.0 ,  670
331 8363.0 ,  669
331 8363.0 ,  669
331 8363.0 ,  669
331 8363.0 ,  669
331 8363.0 ,  669
341 8350.0 ,  668
341 8350.0 ,  668
341 8350.0 ,  668
341 8350.0 ,  668
360 8338.0 ,  667
360 8338.0 ,  667
360 8338.0 ,  667
344 8325.0 ,  666
344 8325.0 ,  666
342 8313.0 ,  665
342 8313.0 ,  665
342 8313.0 ,  665
342 8313.0 ,  665
342 8313.0 ,  665
342 8313.0 ,  665
342 8313.0 ,  665
305 8300.0 ,  664
305 8300.0 ,  664
305 8300.0 ,  664
305 8300.0 ,  664
305 8300.0 ,  664
305 8300.0 ,  664
305 8300.0 ,  664
321 8288.0 ,  663
321 8288.0 ,  663
321 8288.0 ,  663
321 8288.0 ,  663
321 8288.0 ,  663
321 8288.0 ,  663
321 8288.0 ,  663
339 8275.0 ,  662
327 8263.0 ,  661
327 8263.0 ,  661
327 8263.0 ,  661
327 8263.0 ,  661
327 8263.0 ,  661
349 8250.0 ,  660
349 8250.0 ,  660
349 8250.0 ,  660
345 8238.0 ,  659
345 8238.0 ,  659
345 8238.0 ,  659
345 8238.0 ,  659
345 8238.0 ,  659
345 8238.0 ,  659
379 8225.0 ,  658
379 8225.0 ,  658
379 8225.0 ,  658
379 8225.0 ,  658
379 8225.0 ,  658
379 8225.0 ,  658
379 8225.0 ,  658
397 8213.0 ,  657
397 8213.0 ,  657
397 8213.0 ,  657
389 8200.0 ,  656
389 8200.0 ,  656
389 8200.0 ,  656
389 8200.0 ,  656
389 8200.0 ,  656
375 8188.0 ,  655
377 8175.0 ,  654
377 8175.0 ,  654
377 8175.0 ,  654
396 8163.0 ,  653
396 8163.0 ,  653
396 8163.0 ,  653
396 8163.0 ,  653
415 8150.0 ,  652
415 8150.0 ,  652
415 8150.0 ,  652
415 8150.0 ,  652
423 8138.0 ,  651
423 8138.0 ,  651
423 8138.0 ,  651
413 8125.0 ,  650
413 8125.0 ,  650
413 8125.0 ,  650
413 8125.0 ,  650
413 8125.0 ,  650
413 8125.0 ,  650
401 8113.0 ,  649
401 8113.0 ,  649
401 8113.0 ,  649
401 8113.0 ,  649
401 8113.0 ,  649
423 8100.0 ,  648
423 8100.0 ,  648
423 8100.0 ,  648
423 8100.0 ,  648
423 8100.0 ,  648
435 8088.0 ,  647
433 8075.0 ,  646
433 8075.0 ,  646
420 8063.0 ,  645
424 8050.0 ,  644
424 8050.0 ,  644
424 8050.0 ,  644
424 8050.0 ,  644
414 8038.0 ,  643
414 8038.0 ,  643
414 8038.0 ,  643
414 8038.0 ,  643
414 8038.0 ,  643
414 8038.0 ,  643
414 8038.0 ,  643
414 8038.0 ,  643
414 8038.0 ,  643
374 8025.0 ,  642
374 8025.0 ,  642
374 8025.0 ,  642
374 8025.0 ,  642
374 8025.0 ,  642
406 8000.0 ,  640
406 8000.0 ,  640
406 8000.0 ,  640
406 8000.0 ,  640
406 8000.0 ,  640
387 7988.0 ,  639
387 7988.0 ,  639
387 7988.0 ,  639
387 7988.0 ,  639
387 7988.0 ,  639
387 7988.0 ,  639
387 7988.0 ,  639
399 7975.0 ,  638
399 7975.0 ,  638
395 7963.0 ,  637
393 7950.0 ,  636
393 7950.0 ,  636
393 7950.0 ,  636
393 7950.0 ,  636
393 7950.0 ,  636
393 7950.0 ,  636
393 7950.0 ,  636
393 7950.0 ,  636
393 7950.0 ,  636
393 7950.0 ,  636
448 7938.0 ,  635
448 7938.0 ,  635
448 7938.0 ,  635
464 7925.0 ,  634
464 7925.0 ,  634
464 7925.0 ,  634
464 7925.0 ,  634
464 7925.0 ,  634
464 7925.0 ,  634
448 7913.0 ,  633
448 7913.0 ,  633
448 7913.0 ,  633
448 7913.0 ,  633
448 7913.0 ,  633
470 7900.0 ,  632
470 7900.0 ,  632
470 7900.0 ,  632
470 7900.0 ,  632
496 7875.0 ,  630
496 7875.0 ,  630
496 7875.0 ,  630
496 7875.0 ,  630
496 7875.0 ,  630
496 7875.0 ,  630
496 7875.0 ,  630
496 7875.0 ,  630
519 7850.0 ,  628
519 7850.0 ,  628
519 7850.0 ,  628
519 7850.0 ,  628
519 7850.0 ,  628
519 7850.0 ,  628
506 7825.0 ,  626
506 7825.0 ,  626
506 7825.0 ,  626
506 7825.0 ,  626
506 7825.0 ,  626
506 7825.0 ,  626
506 7825.0 ,  626
526 7813.0 ,  625
524 7800.0 ,  624
524 7800.0 ,  624
524 7800.0 ,  624
520 7788.0 ,  623
520 7788.0 ,  623
520 7788.0 ,  623
520 7788.0 ,  623
520 7788.0 ,  623
520 7788.0 ,  623
542 7775.0 ,  622
542 7775.0 ,  622
542 7775.0 ,  622
542 7775.0 ,  622
542 7775.0 ,  622
508 7763.0 ,  621
508 7763.0 ,  621
508 7763.0 ,  621
516 7750.0 ,  620
516 7750.0 ,  620
516 7750.0 ,  620
510 7738.0 ,  619
510 7738.0 ,  619
510 7738.0 ,  619
510 7738.0 ,  619
520 7725.0 ,  618
520 7725.0 ,  618
520 7725.0 ,  618
520 7725.0 ,  618
520 7725.0 ,  618
520 7725.0 ,  618
520 7725.0 ,  618
520 7725.0 ,  618
520 7725.0 ,  618
492 7713.0 ,  617
492 7713.0 ,  617
511 7700.0 ,  616
511 7700.0 ,  616
511 7700.0 ,  616
511 7700.0 ,  616
503 7688.0 ,  615
503 7688.0 ,  615
503 7688.0 ,  615
503 7688.0 ,  615
503 7688.0 ,  615
495 7675.0 ,  614
497 7663.0 ,  613
497 7663.0 ,  613
497 7663.0 ,  613
497 7663.0 ,  613
497 7663.0 ,  613
519 7650.0 ,  612
519 7650.0 ,  612
535 7638.0 ,  611
535 7638.0 ,  611
535 7638.0 ,  611
535 7638.0 ,  611
510 7625.0 ,  610
510 7625.0 ,  610
510 7625.0 ,  610
506 7600.0 ,  608
506 7600.0 ,  608
506 7600.0 ,  608
506 7600.0 ,  608
506 7600.0 ,  608
506 7600.0 ,  608
540 7588.0 ,  607
540 7588.0 ,  607
540 7588.0 ,  607
534 7575.0 ,  606
534 7575.0 ,  606
534 7575.0 ,  606
534 7575.0 ,  606
534 7575.0 ,  606
534 7575.0 ,  606
518 7563.0 ,  605
518 7563.0 ,  605
518 7563.0 ,  605
518 7563.0 ,  605
518 7563.0 ,  605
518 7563.0 ,  605
493 7550.0 ,  604
493 7550.0 ,  604
493 7550.0 ,  604
493 7550.0 ,  604
493 7550.0 ,  604
493 7550.0 ,  604
493 7550.0 ,  604
493 7550.0 ,  604
493 7550.0 ,  604
447 7538.0 ,  603
447 7538.0 ,  603
447 7538.0 ,  603
447 7538.0 ,  603
447 7538.0 ,  603
447 7538.0 ,  603
481 7525.0 ,  602
469 7513.0 ,  601
469 7513.0 ,  601
469 7513.0 ,  601
475 7500.0 ,  600
475 7500.0 ,  600
481 7488.0 ,  599
479 7475.0 ,  598
481 7463.0 ,  597
481 7463.0 ,  597
481 7463.0 ,  597
481 7463.0 ,  597
481 7463.0 ,  597
481 7463.0 ,  597
491 7450.0 ,  596
491 7450.0 ,  596
491 7450.0 ,  596
497 7438.0 ,  595
497 7438.0 ,  595
497 7438.0 ,  595
497 7438.0 ,  595
469 7425.0 ,  594
469 7425.0 ,  594
475 7413.0 ,  593
475 7413.0 ,  593
475 7413.0 ,  593
475 7413.0 ,  593
475 7413.0 ,  593
475 7413.0 ,  593
475 7413.0 ,  593
487 7400.0 ,  592
486 7388.0 ,  591
486 7388.0 ,  591
486 7388.0 ,  591
486 7388.0 ,  591
486 7388.0 ,  591
486 7388.0 ,  591
486 7388.0 ,  591
517 7375.0 ,  590
516 7363.0 ,  589
516 7363.0 ,  589
516 7363.0 ,  589
516 7363.0 ,  589
516 7363.0 ,  589
516 7363.0 ,  589
516 7363.0 ,  589
516 7363.0 ,  589
516 7363.0 ,  589
492 7350.0 ,  588
492 7350.0 ,  588
511 7338.0 ,  587
515 7325.0 ,  586
515 7325.0 ,  586
515 7325.0 ,  586
515 7325.0 ,  586
505 7313.0 ,  585
505 7313.0 ,  585
505 7313.0 ,  585
505 7313.0 ,  585
505 7313.0 ,  585
497 7300.0 ,  584
497 7300.0 ,  584
497 7300.0 ,  584
497 7300.0 ,  584
497 7300.0 ,  584
497 7300.0 ,  584
484 7275.0 ,  582
484 7275.0 ,  582
484 7275.0 ,  582
484 7275.0 ,  582
515 7263.0 ,  581
515 7263.0 ,  581
515 7263.0 ,  581
515 7263.0 ,  581
515 7263.0 ,  581
515 7263.0 ,  581
527 7250.0 ,  580
527 7250.0 ,  580
527 7250.0 ,  580
514 7238.0 ,  579
514 7238.0 ,  579
514 7238.0 ,  579
514 7238.0 ,  579
533 7225.0 ,  578
533 7225.0 ,  578
533 7225.0 ,  578
533 7225.0 ,  578
533 7225.0 ,  578
550 7200.0 ,  576
550 7200.0 ,  576
550 7200.0 ,  576
576 7175.0 ,  574
576 7175.0 ,  574
576 7175.0 ,  574
576 7175.0 ,  574
598 7163.0 ,  573
598 7163.0 ,  573
598 7163.0 ,  573
602 7150.0 ,  572
602 7150.0 ,  572
602 7150.0 ,  572
602 7150.0 ,  572
602 7150.0 ,  572
602 7150.0 ,  572
637 7125.0 ,  570
637 7125.0 ,  570
637 7125.0 ,  570
637 7125.0 ,  570
637 7125.0 ,  570
637 7125.0 ,  570
637 7125.0 ,  570
615 7113.0 ,  569
615 7113.0 ,  569
615 7113.0 ,  569
615 7113.0 ,  569
599 7100.0 ,  568
599 7100.0 ,  568
597 7088.0 ,  567
597 7088.0 ,  567
597 7088.0 ,  567
597 7088.0 ,  567
597 7088.0 ,  567
597 7088.0 ,  567
597 7088.0 ,  567
637 7075.0 ,  566
637 7075.0 ,  566
637 7075.0 ,  566
637 7075.0 ,  566
637 7075.0 ,  566
623 7063.0 ,  565
623 7063.0 ,  565
623 7063.0 ,  565
623 7063.0 ,  565
623 7063.0 ,  565
623 7063.0 ,  565
623 7063.0 ,  565
623 7063.0 ,  565
666 7050.0 ,  564
666 7025.0 ,  562
666 7025.0 ,  562
666 7025.0 ,  562
666 7025.0 ,  562
675 7000.0 ,  560
675 7000.0 ,  560
675 7000.0 ,  560
683 6988.0 ,  559
683 6988.0 ,  559
683 6988.0 ,  559
683 6988.0 ,  559
687 6975.0 ,  558
687 6975.0 ,  558
687 6975.0 ,  558
687 6975.0 ,  558
687 6975.0 ,  558
687 6975.0 ,  558
687 6975.0 ,  558
701 6963.0 ,  557
701 6963.0 ,  557
701 6963.0 ,  557
701 6963.0 ,  557
701 6963.0 ,  557
701 6963.0 ,  557
701 6963.0 ,  557
701 6963.0 ,  557
685 6950.0 ,  556
685 6950.0 ,  556
685 6950.0 ,  556
685 6950.0 ,  556
685 6950.0 ,  556
685 6950.0 ,  556
685 6950.0 ,  556
685 6950.0 ,  556
728 6938.0 ,  555
728 6938.0 ,  555
732 6925.0 ,  554
732 6925.0 ,  554
732 6925.0 ,  554
732 6925.0 ,  554
760 6913.0 ,  553
758 6900.0 ,  552
758 6900.0 ,  552
758 6900.0 ,  552
758 6900.0 ,  552
758 6900.0 ,  552
768 6888.0 ,  551
768 6888.0 ,  551
768 6888.0 ,  551
768 6888.0 ,  551
768 6888.0 ,  551
760 6875.0 ,  550
760 6875.0 ,  550
760 6875.0 ,  550
754 6863.0 ,  549
754 6863.0 ,  549
754 6863.0 ,  549
754 6863.0 ,  549
754 6863.0 ,  549
764 6850.0 ,  548
752 6838.0 ,  547
752 6838.0 ,  547
752 6838.0 ,  547
752 6838.0 ,  547
752 6838.0 ,  547
752 6838.0 ,  547
752 6838.0 ,  547
736 6825.0 ,  546
736 6825.0 ,  546
736 6825.0 ,  546
736 6825.0 ,  546
736 6825.0 ,  546
736 6825.0 ,  546
754 6813.0 ,  545
754 6813.0 ,  545
754 6813.0 ,  545
754 6813.0 ,  545
754 6813.0 ,  545
754 6813.0 ,  545
785 6800.0 ,  544
785 6800.0 ,  544
785 6800.0 ,  544
785 6800.0 ,  544
785 6800.0 ,  544
771 6788.0 ,  543
771 6788.0 ,  543
771 6788.0 ,  543
755 6775.0 ,  542
757 6763.0 ,  541
757 6763.0 ,  541
757 6763.0 ,  541
757 6763.0 ,  541
757 6763.0 ,  541
757 6763.0 ,  541
788 6750.0 ,  540
788 6750.0 ,  540
788 6750.0 ,  540
788 6750.0 ,  540
802 6738.0 ,  539
800 6725.0 ,  538
800 6725.0 ,  538
800 6725.0 ,  538
794 6713.0 ,  537
794 6713.0 ,  537
794 6713.0 ,  537
794 6713.0 ,  537
794 6713.0 ,  537
794 6713.0 ,  537
766 6700.0 ,  536
766 6700.0 ,  536
766 6700.0 ,  536
766 6700.0 ,  536
766 6700.0 ,  536
766 6700.0 ,  536
797 6688.0 ,  535
797 6688.0 ,  535
797 6688.0 ,  535
797 6688.0 ,  535
797 6688.0 ,  535
787 6675.0 ,  534
787 6675.0 ,  534
787 6675.0 ,  534
787 6675.0 ,  534
787 6675.0 ,  534
771 6663.0 ,  533
771 6663.0 ,  533
771 6663.0 ,  533
771 6663.0 ,  533
771 6663.0 ,  533
802 6650.0 ,  532
802 6650.0 ,  532
802 6650.0 ,  532
802 6650.0 ,  532
802 6650.0 ,  532
788 6638.0 ,  531
788 6638.0 ,  531
788 6638.0 ,  531
788 6638.0 ,  531
788 6638.0 ,  531
774 6625.0 ,  530
774 6625.0 ,  530
774 6625.0 ,  530
774 6625.0 ,  530
774 6625.0 ,  530
774 6625.0 ,  530
774 6625.0 ,  530
796 6613.0 ,  529
796 6613.0 ,  529
796 6613.0 ,  529
796 6613.0 ,  529
796 6613.0 ,  529
796 6613.0 ,  529
796 6613.0 ,  529
780 6600.0 ,  528
780 6600.0 ,  528
780 6600.0 ,  528
780 6600.0 ,  528
780 6600.0 ,  528
770 6588.0 ,  527
770 6588.0 ,  527
770 6588.0 ,  527
770 6588.0 ,  527
770 6588.0 ,  527
770 6588.0 ,  527
770 6588.0 ,  527
760 6575.0 ,  526
760 6575.0 ,  526
760 6575.0 ,  526
760 6575.0 ,  526
760 6575.0 ,  526
772 6563.0 ,  525
772 6563.0 ,  525
778 6550.0 ,  524
791 6538.0 ,  523
791 6538.0 ,  523
791 6538.0 ,  523
797 6525.0 ,  522
796 6513.0 ,  521
796 6513.0 ,  521
796 6513.0 ,  521
796 6513.0 ,  521
786 6500.0 ,  520
786 6500.0 ,  520
786 6500.0 ,  520
786 6500.0 ,  520
786 6500.0 ,  520
786 6500.0 ,  520
786 6500.0 ,  520
766 6488.0 ,  519
766 6488.0 ,  519
766 6488.0 ,  519
766 6488.0 ,  519
766 6488.0 ,  519
766 6488.0 ,  519
766 6488.0 ,  519
766 6488.0 ,  519
766 6488.0 ,  519
792 6475.0 ,  518
792 6475.0 ,  518
792 6475.0 ,  518
792 6475.0 ,  518
792 6475.0 ,  518
792 6475.0 ,  518
764 6463.0 ,  517
764 6463.0 ,  517
764 6463.0 ,  517
764 6463.0 ,  517
764 6463.0 ,  517
764 6463.0 ,  517
764 6463.0 ,  517
764 6463.0 ,  517
784 6450.0 ,  516
784 6450.0 ,  516
781 6425.0 ,  514
781 6425.0 ,  514
785 6413.0 ,  513
785 6413.0 ,  513
785 6413.0 ,  513
785 6413.0 ,  513
785 6413.0 ,  513
777 6400.0 ,  512
777 6400.0 ,  512
777 6400.0 ,  512
777 6400.0 ,  512
755 6388.0 ,  511
755 6388.0 ,  511
761 6375.0 ,  510
761 6375.0 ,  510
761 6375.0 ,  510
761 6375.0 ,  510
761 6375.0 ,  510
761 6375.0 ,  510
733 6363.0 ,  509
720 6350.0 ,  508
723 6325.0 ,  506
723 6325.0 ,  506
723 6325.0 ,  506
723 6325.0 ,  506
723 6325.0 ,  506
723 6325.0 ,  506
723 6325.0 ,  506
680 6313.0 ,  505
680 6313.0 ,  505
680 6313.0 ,  505
680 6313.0 ,  505
680 6313.0 ,  505
680 6313.0 ,  505
694 6300.0 ,  504
694 6300.0 ,  504
678 6288.0 ,  503
680 6275.0 ,  502
680 6275.0 ,  502
680 6275.0 ,  502
680 6275.0 ,  502
680 6275.0 ,  502
680 6275.0 ,  502
680 6263.0 ,  501
680 6263.0 ,  501
680 6263.0 ,  501
680 6263.0 ,  501
680 6263.0 ,  501
680 6263.0 ,  501
680 6263.0 ,  501
666 6250.0 ,  500
666 6250.0 ,  500
666 6250.0 ,  500
666 6250.0 ,  500
666 6250.0 ,  500
666 6250.0 ,  500
700 6238.0 ,  499
700 6238.0 ,  499
700 6238.0 ,  499
700 6238.0 ,  499
700 6238.0 ,  499
688 6225.0 ,  498
688 6225.0 ,  498
707 6213.0 ,  497
707 6213.0 ,  497
701 6200.0 ,  496
701 6200.0 ,  496
701 6200.0 ,  496
701 6200.0 ,  496
701 6200.0 ,  496
691 6188.0 ,  495
691 6188.0 ,  495
691 6188.0 ,  495
691 6188.0 ,  495
703 6175.0 ,  494
703 6175.0 ,  494
703 6175.0 ,  494
703 6175.0 ,  494
703 6175.0 ,  494
687 6163.0 ,  493
687 6163.0 ,  493
687 6163.0 ,  493
687 6163.0 ,  493
687 6163.0 ,  493
687 6163.0 ,  493
687 6163.0 ,  493
709 6150.0 ,  492
709 6150.0 ,  492
709 6150.0 ,  492
709 6150.0 ,  492
709 6150.0 ,  492
709 6150.0 ,  492
709 6150.0 ,  492
727 6138.0 ,  491
727 6138.0 ,  491
727 6138.0 ,  491
727 6138.0 ,  491
727 6138.0 ,  491
727 6125.0 ,  490
726 6113.0 ,  489
726 6113.0 ,  489
730 6100.0 ,  488
741 6075.0 ,  486
741 6075.0 ,  486
741 6075.0 ,  486
741 6075.0 ,  486
741 6075.0 ,  486
727 6063.0 ,  485
727 6063.0 ,  485
727 6063.0 ,  485
727 6063.0 ,  485
727 6063.0 ,  485
727 6063.0 ,  485
715 6050.0 ,  484
715 6050.0 ,  484
713 6038.0 ,  483
713 6038.0 ,  483
713 6038.0 ,  483
713 6038.0 ,  483
713 6038.0 ,  483
713 6038.0 ,  483
725 6025.0 ,  482
725 6025.0 ,  482
721 6013.0 ,  481
721 6013.0 ,  481
737 6000.0 ,  480
737 6000.0 ,  480
737 6000.0 ,  480
737 6000.0 ,  480
737 6000.0 ,  480
737 6000.0 ,  480
700 5988.0 ,  479
700 5988.0 ,  479
700 5988.0 ,  479
700 5988.0 ,  479
700 5988.0 ,  479
712 5975.0 ,  478
712 5975.0 ,  478
730 5950.0 ,  476
730 5950.0 ,  476
728 5938.0 ,  475
732 5925.0 ,  474
732 5925.0 ,  474
732 5925.0 ,  474
738 5913.0 ,  473
742 5900.0 ,  472
742 5900.0 ,  472
742 5900.0 ,  472
761 5888.0 ,  471
761 5888.0 ,  471
761 5888.0 ,  471
761 5888.0 ,  471
742 5875.0 ,  470
742 5875.0 ,  470
742 5875.0 ,  470
742 5875.0 ,  470
742 5875.0 ,  470
758 5863.0 ,  469
758 5863.0 ,  469
758 5863.0 ,  469
758 5863.0 ,  469
764 5850.0 ,  468
764 5850.0 ,  468
764 5850.0 ,  468
764 5850.0 ,  468
764 5850.0 ,  468
764 5850.0 ,  468
764 5850.0 ,  468
810 5838.0 ,  467
810 5838.0 ,  467
810 5838.0 ,  467
810 5838.0 ,  467
810 5838.0 ,  467
810 5838.0 ,  467
810 5838.0 ,  467
796 5825.0 ,  466
796 5825.0 ,  466
796 5825.0 ,  466
796 5825.0 ,  466
796 5825.0 ,  466
808 5813.0 ,  465
808 5813.0 ,  465
808 5813.0 ,  465
808 5813.0 ,  465
808 5813.0 ,  465
808 5813.0 ,  465
808 5813.0 ,  465
808 5813.0 ,  465
808 5813.0 ,  465
808 5813.0 ,  465
784 5800.0 ,  464
784 5800.0 ,  464
784 5800.0 ,  464
784 5800.0 ,  464
784 5800.0 ,  464
772 5788.0 ,  463
772 5788.0 ,  463
772 5788.0 ,  463
772 5788.0 ,  463
772 5788.0 ,  463
772 5788.0 ,  463
772 5788.0 ,  463
772 5788.0 ,  463
738 5775.0 ,  462
738 5775.0 ,  462
738 5775.0 ,  462
738 5775.0 ,  462
757 5763.0 ,  461
757 5763.0 ,  461
757 5763.0 ,  461
757 5763.0 ,  461
757 5763.0 ,  461
757 5763.0 ,  461
757 5763.0 ,  461
741 5750.0 ,  460
741 5750.0 ,  460
741 5750.0 ,  460
741 5750.0 ,  460
741 5750.0 ,  460
720 5725.0 ,  458
720 5725.0 ,  458
718 5713.0 ,  457
718 5713.0 ,  457
718 5713.0 ,  457
728 5700.0 ,  456
728 5700.0 ,  456
728 5700.0 ,  456
728 5700.0 ,  456
728 5700.0 ,  456
728 5688.0 ,  455
728 5688.0 ,  455
728 5688.0 ,  455
728 5688.0 ,  455
728 5688.0 ,  455
700 5675.0 ,  454
700 5650.0 ,  452
700 5650.0 ,  452
700 5650.0 ,  452
700 5650.0 ,  452
700 5650.0 ,  452
700 5650.0 ,  452
718 5638.0 ,  451
718 5638.0 ,  451
718 5638.0 ,  451
718 5638.0 ,  451
718 5638.0 ,  451
696 5625.0 ,  450
696 5625.0 ,  450
693 5600.0 ,  448
693 5600.0 ,  448
693 5600.0 ,  448
693 5600.0 ,  448
693 5600.0 ,  448
679 5588.0 ,  447
695 5575.0 ,  446
695 5575.0 ,  446
691 5563.0 ,  445
691 5563.0 ,  445
691 5563.0 ,  445
691 5563.0 ,  445
691 5563.0 ,  445
691 5563.0 ,  445
660 5550.0 ,  444
660 5550.0 ,  444
660 5550.0 ,  444
660 5550.0 ,  444
660 5550.0 ,  444
660 5550.0 ,  444
660 5550.0 ,  444
660 5550.0 ,  444
660 5550.0 ,  444
632 5538.0 ,  443
632 5538.0 ,  443
632 5538.0 ,  443
636 5525.0 ,  442
635 5513.0 ,  441
635 5513.0 ,  441
635 5513.0 ,  441
657 5500.0 ,  440
657 5500.0 ,  440
657 5500.0 ,  440
657 5500.0 ,  440
657 5500.0 ,  440
657 5500.0 ,  440
623 5488.0 ,  439
623 5488.0 ,  439
623 5488.0 ,  439
607 5475.0 ,  438
607 5475.0 ,  438
607 5475.0 ,  438
607 5475.0 ,  438
607 5475.0 ,  438
607 5475.0 ,  438
607 5475.0 ,  438
587 5463.0 ,  437
587 5463.0 ,  437
587 5463.0 ,  437
587 5463.0 ,  437
587 5463.0 ,  437
587 5463.0 ,  437
587 5463.0 ,  437
599 5450.0 ,  436
599 5450.0 ,  436
599 5450.0 ,  436
599 5450.0 ,  436
599 5450.0 ,  436
607 5438.0 ,  435
607 5438.0 ,  435
607 5438.0 ,  435
607 5438.0 ,  435
607 5438.0 ,  435
607 5438.0 ,  435
597 5425.0 ,  434
597 5425.0 ,  434
597 5425.0 ,  434
597 5425.0 ,  434
597 5425.0 ,  434
597 5425.0 ,  434
619 5413.0 ,  433
619 5413.0 ,  433
619 5413.0 ,  433
619 5413.0 ,  433
619 5413.0 ,  433
619 5413.0 ,  433
588 5400.0 ,  432
588 5400.0 ,  432
588 5400.0 ,  432
588 5400.0 ,  432
588 5400.0 ,  432
570 5375.0 ,  430
570 5375.0 ,  430
570 5375.0 ,  430
564 5363.0 ,  429
564 5363.0 ,  429
564 5363.0 ,  429
586 5350.0 ,  428
586 5350.0 ,  428
586 5350.0 ,  428
586 5350.0 ,  428
578 5338.0 ,  427
578 5338.0 ,  427
578 5338.0 ,  427
576 5325.0 ,  426
576 5325.0 ,  426
576 5325.0 ,  426
576 5325.0 ,  426
576 5325.0 ,  426
576 5325.0 ,  426
576 5325.0 ,  426
572 5300.0 ,  424
572 5300.0 ,  424
572 5300.0 ,  424
572 5300.0 ,  424
572 5300.0 ,  424
572 5300.0 ,  424
572 5300.0 ,  424
609 5288.0 ,  423
609 5288.0 ,  423
609 5288.0 ,  423
609 5288.0 ,  423
609 5288.0 ,  423
637 5275.0 ,  422
637 5275.0 ,  422
637 5275.0 ,  422
637 5275.0 ,  422
637 5275.0 ,  422
637 5275.0 ,  422
625 5263.0 ,  421
625 5263.0 ,  421
625 5263.0 ,  421
625 5263.0 ,  421
625 5263.0 ,  421
625 5263.0 ,  421
625 5263.0 ,  421
639 5250.0 ,  420
639 5250.0 ,  420
637 5238.0 ,  419
641 5225.0 ,  418
641 5225.0 ,  418
641 5225.0 ,  418
641 5225.0 ,  418
641 5225.0 ,  418
616 5213.0 ,  417
603 5200.0 ,  416
603 5200.0 ,  416
587 5188.0 ,  415
591 5175.0 ,  414
591 5175.0 ,  414
591 5175.0 ,  414
591 5175.0 ,  414
597 5163.0 ,  413
597 5163.0 ,  413
597 5163.0 ,  413
597 5163.0 ,  413
587 5150.0 ,  412
587 5150.0 ,  412
587 5150.0 ,  412
587 5150.0 ,  412
587 5150.0 ,  412
612 5138.0 ,  411
612 5138.0 ,  411
612 5138.0 ,  411
612 5138.0 ,  411
612 5138.0 ,  411
612 5138.0 ,  411
612 5138.0 ,  411
630 5125.0 ,  410
630 5125.0 ,  410
630 5125.0 ,  410
623 5100.0 ,  408
623 5100.0 ,  408
623 5100.0 ,  408
623 5100.0 ,  408
629 5088.0 ,  407
627 5075.0 ,  406
627 5075.0 ,  406
627 5075.0 ,  406
627 5075.0 ,  406
627 5075.0 ,  406
627 5075.0 ,  406
641 5063.0 ,  405
641 5063.0 ,  405
641 5063.0 ,  405
641 5063.0 ,  405
641 5063.0 ,  405
613 5050.0 ,  404
612 5038.0 ,  403
612 5038.0 ,  403
606 5025.0 ,  402
606 5025.0 ,  402
606 5025.0 ,  402
606 5025.0 ,  402
606 5025.0 ,  402
606 5025.0 ,  402
590 5013.0 ,  401
590 5013.0 ,  401
584 5000.0 ,  400
584 5000.0 ,  400
584 5000.0 ,  400
606 4988.0 ,  399
606 4988.0 ,  399
606 4988.0 ,  399
606 4988.0 ,  399
606 4988.0 ,  399
581 4975.0 ,  398
581 4975.0 ,  398
581 4975.0 ,  398
581 4975.0 ,  398
584 4950.0 ,  396
584 4950.0 ,  396
584 4950.0 ,  396
584 4950.0 ,  396
594 4938.0 ,  395
594 4938.0 ,  395
594 4938.0 ,  395
594 4938.0 ,  395
594 4938.0 ,  395
594 4938.0 ,  395
594 4938.0 ,  395
594 4938.0 ,  395
594 4938.0 ,  395
594 4938.0 ,  395
594 4938.0 ,  395
594 4938.0 ,  395
655 4925.0 ,  394
655 4925.0 ,  394
655 4925.0 ,  394
655 4925.0 ,  394
655 4925.0 ,  394
655 4925.0 ,  394
671 4913.0 ,  393
671 4913.0 ,  393
671 4913.0 ,  393
671 4913.0 ,  393
671 4913.0 ,  393
671 4913.0 ,  393
671 4913.0 ,  393
691 4900.0 ,  392
691 4900.0 ,  392
691 4900.0 ,  392
691 4900.0 ,  392
691 4900.0 ,  392
663 4888.0 ,  391
663 4888.0 ,  391
663 4888.0 ,  391
663 4888.0 ,  391
663 4888.0 ,  391
663 4888.0 ,  391
663 4888.0 ,  391
645 4875.0 ,  390
645 4875.0 ,  390
645 4875.0 ,  390
645 4875.0 ,  390
645 4875.0 ,  390
614 4863.0 ,  389
614 4863.0 ,  389
614 4863.0 ,  389
614 4863.0 ,  389
614 4863.0 ,  389
589 4850.0 ,  388
589 4850.0 ,  388
589 4850.0 ,  388
589 4850.0 ,  388
589 4850.0 ,  388
599 4838.0 ,  387
599 4838.0 ,  387
599 4838.0 ,  387
599 4838.0 ,  387
599 4838.0 ,  387
599 4838.0 ,  387
599 4838.0 ,  387
599 4838.0 ,  387
581 4825.0 ,  386
581 4825.0 ,  386
581 4825.0 ,  386
581 4825.0 ,  386
594 4813.0 ,  385
594 4813.0 ,  385
594 4813.0 ,  385
594 4813.0 ,  385
594 4813.0 ,  385
594 4813.0 ,  385
606 4800.0 ,  384
606 4775.0 ,  382
609 4750.0 ,  380
609 4750.0 ,  380
609 4750.0 ,  380
609 4750.0 ,  380
609 4750.0 ,  380
596 4725.0 ,  378
596 4725.0 ,  378
596 4725.0 ,  378
596 4725.0 ,  378
604 4713.0 ,  377
604 4713.0 ,  377
604 4713.0 ,  377
604 4713.0 ,  377
604 4713.0 ,  377
596 4700.0 ,  376
595 4688.0 ,  375
595 4688.0 ,  375
595 4688.0 ,  375
595 4688.0 ,  375
595 4688.0 ,  375
595 4688.0 ,  375
595 4688.0 ,  375
595 4688.0 ,  375
575 4675.0 ,  374
575 4675.0 ,  374
575 4675.0 ,  374
575 4675.0 ,  374
575 4675.0 ,  374
594 4663.0 ,  373
594 4663.0 ,  373
594 4663.0 ,  373
594 4663.0 ,  373
594 4663.0 ,  373
604 4650.0 ,  372
606 4638.0 ,  371
606 4638.0 ,  371
606 4638.0 ,  371
606 4638.0 ,  371
606 4638.0 ,  371
606 4638.0 ,  371
606 4638.0 ,  371
606 4638.0 ,  371
626 4625.0 ,  370
626 4625.0 ,  370
626 4625.0 ,  370
626 4625.0 ,  370
601 4613.0 ,  369
601 4613.0 ,  369
601 4613.0 ,  369
585 4600.0 ,  368
585 4600.0 ,  368
585 4600.0 ,  368
585 4600.0 ,  368
585 4600.0 ,  368
613 4588.0 ,  367
613 4588.0 ,  367
613 4588.0 ,  367
613 4588.0 ,  367
591 4575.0 ,  366
591 4575.0 ,  366
591 4575.0 ,  366
591 4575.0 ,  366
591 4575.0 ,  366
591 4575.0 ,  366
591 4575.0 ,  366
591 4575.0 ,  366
591 4575.0 ,  366
615 4563.0 ,  365
619 4550.0 ,  364
619 4550.0 ,  364
619 4550.0 ,  364
619 4550.0 ,  364
619 4550.0 ,  364
619 4550.0 ,  364
656 4538.0 ,  363
656 4538.0 ,  363
656 4538.0 ,  363
656 4538.0 ,  363
656 4538.0 ,  363
656 4538.0 ,  363
656 4538.0 ,  363
656 4538.0 ,  363
656 4538.0 ,  363
656 4538.0 ,  363
656 4538.0 ,  363
592 4525.0 ,  362
592 4525.0 ,  362
592 4525.0 ,  362
588 4513.0 ,  361
588 4513.0 ,  361
592 4500.0 ,  360
592 4500.0 ,  360
592 4500.0 ,  360
592 4500.0 ,  360
592 4500.0 ,  360
592 4500.0 ,  360
592 4500.0 ,  360
561 4488.0 ,  359
561 4488.0 ,  359
561 4488.0 ,  359
577 4475.0 ,  358
577 4475.0 ,  358
577 4475.0 ,  358
577 4475.0 ,  358
577 4475.0 ,  358
599 4463.0 ,  357
599 4463.0 ,  357
599 4463.0 ,  357
599 4463.0 ,  357
599 4463.0 ,  357
599 4463.0 ,  357
633 4450.0 ,  356
633 4450.0 ,  356
629 4438.0 ,  355
629 4438.0 ,  355
635 4425.0 ,  354
635 4425.0 ,  354
635 4425.0 ,  354
635 4425.0 ,  354
635 4425.0 ,  354
635 4425.0 ,  354
635 4425.0 ,  354
678 4413.0 ,  353
678 4413.0 ,  353
678 4413.0 ,  353
678 4413.0 ,  353
678 4413.0 ,  353
697 4400.0 ,  352
697 4400.0 ,  352
697 4400.0 ,  352
691 4388.0 ,  351
691 4388.0 ,  351
691 4388.0 ,  351
691 4388.0 ,  351
697 4375.0 ,  350
697 4375.0 ,  350
697 4375.0 ,  350
697 4375.0 ,  350
697 4375.0 ,  350
697 4375.0 ,  350
683 4363.0 ,  349
683 4363.0 ,  349
683 4363.0 ,  349
683 4363.0 ,  349
683 4363.0 ,  349
683 4363.0 ,  349
655 4350.0 ,  348
655 4350.0 ,  348
655 4350.0 ,  348
655 4350.0 ,  348
655 4350.0 ,  348
655 4350.0 ,  348
655 4350.0 ,  348
669 4338.0 ,  347
669 4338.0 ,  347
669 4338.0 ,  347
669 4338.0 ,  347
669 4338.0 ,  347
644 4325.0 ,  346
644 4325.0 ,  346
644 4325.0 ,  346
644 4325.0 ,  346
644 4325.0 ,  346
633 4300.0 ,  344
633 4300.0 ,  344
637 4288.0 ,  343
637 4288.0 ,  343
637 4288.0 ,  343
637 4288.0 ,  343
637 4288.0 ,  343
637 4288.0 ,  343
612 4275.0 ,  342
612 4275.0 ,  342
612 4275.0 ,  342
612 4275.0 ,  342
601 4250.0 ,  340
601 4250.0 ,  340
601 4250.0 ,  340
601 4250.0 ,  340
601 4250.0 ,  340
587 4238.0 ,  339
587 4238.0 ,  339
587 4238.0 ,  339
587 4238.0 ,  339
587 4238.0 ,  339
587 4238.0 ,  339
587 4238.0 ,  339
567 4225.0 ,  338
567 4225.0 ,  338
567 4225.0 ,  338
561 4213.0 ,  337
559 4200.0 ,  336
559 4200.0 ,  336
559 4200.0 ,  336
543 4188.0 ,  335
543 4188.0 ,  335
543 4188.0 ,  335
543 4188.0 ,  335
543 4188.0 ,  335
533 4175.0 ,  334
533 4175.0 ,  334
533 4175.0 ,  334
533 4175.0 ,  334
533 4175.0 ,  334
533 4175.0 ,  334
533 4175.0 ,  334
533 4175.0 ,  334
533 4175.0 ,  334
585 4163.0 ,  333
583 4150.0 ,  332
583 4150.0 ,  332
583 4150.0 ,  332
583 4150.0 ,  332
583 4150.0 ,  332
573 4138.0 ,  331
573 4138.0 ,  331
573 4138.0 ,  331
573 4138.0 ,  331
573 4138.0 ,  331
579 4125.0 ,  330
567 4113.0 ,  329
567 4113.0 ,  329
567 4113.0 ,  329
551 4100.0 ,  328
551 4100.0 ,  328
551 4100.0 ,  328
551 4100.0 ,  328
551 4100.0 ,  328
520 4088.0 ,  327
520 4088.0 ,  327
520 4088.0 ,  327
520 4088.0 ,  327
495 4075.0 ,  326
495 4075.0 ,  326
501 4063.0 ,  325
501 4063.0 ,  325
501 4063.0 ,  325
501 4063.0 ,  325
501 4063.0 ,  325
507 4050.0 ,  324
507 4050.0 ,  324
507 4050.0 ,  324
507 4050.0 ,  324
507 4050.0 ,  324
532 4038.0 ,  323
534 4025.0 ,  322
534 4025.0 ,  322
530 4013.0 ,  321
528 4000.0 ,  320
528 4000.0 ,  320
528 4000.0 ,  320
528 4000.0 ,  320
528 4000.0 ,  320
528 4000.0 ,  320
538 3988.0 ,  319
538 3988.0 ,  319
538 3988.0 ,  319
538 3988.0 ,  319
546 3975.0 ,  318
546 3975.0 ,  318
546 3975.0 ,  318
546 3975.0 ,  318
546 3975.0 ,  318
546 3975.0 ,  318
528 3963.0 ,  317
528 3963.0 ,  317
528 3963.0 ,  317
528 3963.0 ,  317
528 3963.0 ,  317
536 3950.0 ,  316
536 3950.0 ,  316
536 3950.0 ,  316
536 3950.0 ,  316
520 3938.0 ,  315
520 3938.0 ,  315
514 3925.0 ,  314
514 3925.0 ,  314
510 3913.0 ,  313
510 3913.0 ,  313
510 3913.0 ,  313
510 3913.0 ,  313
508 3900.0 ,  312
508 3900.0 ,  312
508 3900.0 ,  312
508 3900.0 ,  312
514 3888.0 ,  311
514 3888.0 ,  311
514 3888.0 ,  311
514 3888.0 ,  311
522 3875.0 ,  310
522 3875.0 ,  310
522 3875.0 ,  310
522 3875.0 ,  310
522 3875.0 ,  310
522 3875.0 ,  310
566 3850.0 ,  308
554 3838.0 ,  307
554 3838.0 ,  307
554 3838.0 ,  307
554 3838.0 ,  307
554 3838.0 ,  307
554 3838.0 ,  307
542 3825.0 ,  306
542 3825.0 ,  306
542 3825.0 ,  306
542 3825.0 ,  306
536 3813.0 ,  305
536 3813.0 ,  305
536 3813.0 ,  305
536 3813.0 ,  305
530 3800.0 ,  304
530 3800.0 ,  304
530 3800.0 ,  304
530 3800.0 ,  304
530 3800.0 ,  304
505 3788.0 ,  303
505 3788.0 ,  303
505 3788.0 ,  303
505 3788.0 ,  303
505 3788.0 ,  303
505 3788.0 ,  303
505 3788.0 ,  303
489 3775.0 ,  302
489 3775.0 ,  302
489 3775.0 ,  302
489 3775.0 ,  302
489 3775.0 ,  302
483 3763.0 ,  301
485 3750.0 ,  300
485 3750.0 ,  300
491 3738.0 ,  299
491 3738.0 ,  299
491 3738.0 ,  299
491 3738.0 ,  299
491 3738.0 ,  299
475 3725.0 ,  298
475 3725.0 ,  298
475 3725.0 ,  298
475 3725.0 ,  298
468 3700.0 ,  296
468 3700.0 ,  296
468 3700.0 ,  296
460 3688.0 ,  295
447 3675.0 ,  294
447 3675.0 ,  294
447 3675.0 ,  294
447 3675.0 ,  294
453 3663.0 ,  293
453 3663.0 ,  293
453 3663.0 ,  293
453 3663.0 ,  293
453 3663.0 ,  293
478 3650.0 ,  292
478 3650.0 ,  292
478 3650.0 ,  292
478 3650.0 ,  292
478 3650.0 ,  292
478 3650.0 ,  292
478 3650.0 ,  292
524 3638.0 ,  291
524 3638.0 ,  291
524 3638.0 ,  291
530 3625.0 ,  290
530 3625.0 ,  290
549 3613.0 ,  289
549 3613.0 ,  289
549 3613.0 ,  289
549 3613.0 ,  289
549 3613.0 ,  289
549 3613.0 ,  289
549 3613.0 ,  289
527 3600.0 ,  288
526 3588.0 ,  287
524 3575.0 ,  286
524 3575.0 ,  286
524 3575.0 ,  286
524 3575.0 ,  286
524 3575.0 ,  286
524 3575.0 ,  286
524 3575.0 ,  286
524 3575.0 ,  286
547 3550.0 ,  284
547 3550.0 ,  284
547 3550.0 ,  284
547 3550.0 ,  284
547 3550.0 ,  284
548 3525.0 ,  282
550 3513.0 ,  281
550 3513.0 ,  281
550 3513.0 ,  281
558 3500.0 ,  280
558 3500.0 ,  280
558 3500.0 ,  280
558 3500.0 ,  280
558 3500.0 ,  280
583 3488.0 ,  279
583 3488.0 ,  279
583 3488.0 ,  279
583 3488.0 ,  279
583 3488.0 ,  279
579 3475.0 ,  278
579 3475.0 ,  278
579 3475.0 ,  278
579 3475.0 ,  278
579 3475.0 ,  278
551 3463.0 ,  277
551 3463.0 ,  277
551 3463.0 ,  277
557 3450.0 ,  276
556 3438.0 ,  275
556 3438.0 ,  275
556 3438.0 ,  275
556 3438.0 ,  275
556 3438.0 ,  275
556 3438.0 ,  275
528 3425.0 ,  274
528 3425.0 ,  274
528 3425.0 ,  274
528 3425.0 ,  274
528 3425.0 ,  274
528 3425.0 ,  274
528 3425.0 ,  274
528 3425.0 ,  274
485 3413.0 ,  273
485 3413.0 ,  273
485 3413.0 ,  273
504 3400.0 ,  272
504 3400.0 ,  272
504 3400.0 ,  272
504 3400.0 ,  272
504 3400.0 ,  272
492 3388.0 ,  271
492 3388.0 ,  271
492 3388.0 ,  271
492 3388.0 ,  271
492 3388.0 ,  271
492 3388.0 ,  271
492 3388.0 ,  271
492 3388.0 ,  271
492 3388.0 ,  271
492 3388.0 ,  271
492 3388.0 ,  271
466 3375.0 ,  270
466 3375.0 ,  270
466 3375.0 ,  270
466 3375.0 ,  270
466 3375.0 ,  270
466 3375.0 ,  270
449 3350.0 ,  268
449 3350.0 ,  268
445 3338.0 ,  267
445 3338.0 ,  267
445 3338.0 ,  267
445 3338.0 ,  267
455 3325.0 ,  266
455 3325.0 ,  266
451 3313.0 ,  265
451 3313.0 ,  265
451 3313.0 ,  265
451 3313.0 ,  265
467 3300.0 ,  264
467 3300.0 ,  264
467 3300.0 ,  264
467 3300.0 ,  264
467 3300.0 ,  264
467 3300.0 ,  264
467 3300.0 ,  264
487 3288.0 ,  263
487 3288.0 ,  263
487 3288.0 ,  263
487 3288.0 ,  263
487 3288.0 ,  263
487 3288.0 ,  263
487 3288.0 ,  263
473 3275.0 ,  262
473 3275.0 ,  262
473 3275.0 ,  262
473 3275.0 ,  262
473 3275.0 ,  262
487 3263.0 ,  261
487 3263.0 ,  261
487 3263.0 ,  261
487 3263.0 ,  261
487 3263.0 ,  261
495 3250.0 ,  260
495 3250.0 ,  260
495 3250.0 ,  260
495 3250.0 ,  260
495 3250.0 ,  260
473 3238.0 ,  259
473 3238.0 ,  259
473 3238.0 ,  259
473 3238.0 ,  259
473 3238.0 ,  259
473 3238.0 ,  259
483 3225.0 ,  258
483 3225.0 ,  258
479 3213.0 ,  257
479 3213.0 ,  257
479 3213.0 ,  257
479 3213.0 ,  257
479 3213.0 ,  257
479 3213.0 ,  257
487 3200.0 ,  256
489 3188.0 ,  255
489 3188.0 ,  255
485 3175.0 ,  254
485 3175.0 ,  254
483 3163.0 ,  253
483 3163.0 ,  253
483 3163.0 ,  253
483 3163.0 ,  253
483 3163.0 ,  253
483 3163.0 ,  253
483 3163.0 ,  253
501 3150.0 ,  252
501 3150.0 ,  252
501 3150.0 ,  252
501 3150.0 ,  252
538 3125.0 ,  250
538 3125.0 ,  250
538 3125.0 ,  250
538 3125.0 ,  250
516 3113.0 ,  249
516 3113.0 ,  249
516 3113.0 ,  249
516 3113.0 ,  249
516 3113.0 ,  249
512 3100.0 ,  248
512 3100.0 ,  248
512 3100.0 ,  248
512 3100.0 ,  248
512 3100.0 ,  248
512 3100.0 ,  248
481 3088.0 ,  247
481 3088.0 ,  247
481 3088.0 ,  247
481 3088.0 ,  247
497 3075.0 ,  246
497 3075.0 ,  246
497 3075.0 ,  246
475 3063.0 ,  245
475 3063.0 ,  245
475 3063.0 ,  245
475 3063.0 ,  245
475 3063.0 ,  245
483 3050.0 ,  244
483 3050.0 ,  244
483 3050.0 ,  244
475 3038.0 ,  243
475 3038.0 ,  243
475 3038.0 ,  243
475 3038.0 ,  243
475 3038.0 ,  243
475 3038.0 ,  243
475 3038.0 ,  243
475 3038.0 ,  243
512 3025.0 ,  242
512 3025.0 ,  242
512 3025.0 ,  242
512 3025.0 ,  242
512 3025.0 ,  242
512 3025.0 ,  242
481 3013.0 ,  241
481 3013.0 ,  241
481 3013.0 ,  241
481 3013.0 ,  241
481 3013.0 ,  241
481 3013.0 ,  241
453 3000.0 ,  240
452 2988.0 ,  239
450 2975.0 ,  238
450 2975.0 ,  238
450 2975.0 ,  238
450 2975.0 ,  238
458 2963.0 ,  237
458 2963.0 ,  237
458 2963.0 ,  237
458 2963.0 ,  237
458 2963.0 ,  237
458 2963.0 ,  237
458 2963.0 ,  237
478 2950.0 ,  236
478 2950.0 ,  236
478 2950.0 ,  236
478 2950.0 ,  236
488 2938.0 ,  235
488 2938.0 ,  235
488 2938.0 ,  235
488 2938.0 ,  235
488 2938.0 ,  235
488 2938.0 ,  235
488 2938.0 ,  235
488 2938.0 ,  235
451 2925.0 ,  234
451 2925.0 ,  234
451 2925.0 ,  234
451 2925.0 ,  234
459 2913.0 ,  233
459 2913.0 ,  233
459 2913.0 ,  233
459 2913.0 ,  233
459 2913.0 ,  233
459 2913.0 ,  233
459 2913.0 ,  233
439 2900.0 ,  232
453 2875.0 ,  230
453 2875.0 ,  230
449 2863.0 ,  229
449 2863.0 ,  229
465 2850.0 ,  228
465 2850.0 ,  228
463 2838.0 ,  227
463 2838.0 ,  227
463 2838.0 ,  227
463 2838.0 ,  227
463 2838.0 ,  227
463 2838.0 ,  227
463 2838.0 ,  227
515 2825.0 ,  226
515 2825.0 ,  226
515 2825.0 ,  226
515 2825.0 ,  226
515 2825.0 ,  226
515 2825.0 ,  226
497 2813.0 ,  225
497 2813.0 ,  225
497 2813.0 ,  225
497 2813.0 ,  225
497 2813.0 ,  225
497 2813.0 ,  225
487 2800.0 ,  224
487 2800.0 ,  224
487 2800.0 ,  224
487 2800.0 ,  224
487 2800.0 ,  224
487 2800.0 ,  224
487 2800.0 ,  224
509 2788.0 ,  223
509 2788.0 ,  223
509 2788.0 ,  223
509 2788.0 ,  223
509 2788.0 ,  223
509 2788.0 ,  223
495 2775.0 ,  222
495 2775.0 ,  222
495 2775.0 ,  222
495 2775.0 ,  222
501 2763.0 ,  221
501 2763.0 ,  221
501 2763.0 ,  221
501 2763.0 ,  221
501 2763.0 ,  221
501 2763.0 ,  221
501 2763.0 ,  221
501 2763.0 ,  221
521 2750.0 ,  220
521 2750.0 ,  220
521 2750.0 ,  220
521 2750.0 ,  220
521 2750.0 ,  220
521 2750.0 ,  220
555 2738.0 ,  219
555 2738.0 ,  219
555 2738.0 ,  219
555 2738.0 ,  219
555 2738.0 ,  219
555 2738.0 ,  219
541 2725.0 ,  218
541 2725.0 ,  218
541 2725.0 ,  218
541 2725.0 ,  218
541 2725.0 ,  218
541 2725.0 ,  218
541 2725.0 ,  218
561 2713.0 ,  217
563 2700.0 ,  216
563 2700.0 ,  216
563 2700.0 ,  216
563 2700.0 ,  216
563 2700.0 ,  216
563 2700.0 ,  216
563 2700.0 ,  216
585 2688.0 ,  215
585 2688.0 ,  215
604 2675.0 ,  214
604 2675.0 ,  214
604 2675.0 ,  214
604 2675.0 ,  214
614 2663.0 ,  213
614 2663.0 ,  213
614 2663.0 ,  213
614 2663.0 ,  213
614 2663.0 ,  213
614 2663.0 ,  213
614 2663.0 ,  213
614 2663.0 ,  213
580 2650.0 ,  212
580 2650.0 ,  212
580 2650.0 ,  212
580 2650.0 ,  212
580 2650.0 ,  212
580 2650.0 ,  212
617 2638.0 ,  211
617 2638.0 ,  211
617 2638.0 ,  211
617 2638.0 ,  211
617 2638.0 ,  211
617 2638.0 ,  211
604 2625.0 ,  210
604 2625.0 ,  210
604 2625.0 ,  210
604 2625.0 ,  210
604 2625.0 ,  210
604 2625.0 ,  210
604 2625.0 ,  210
580 2613.0 ,  209
580 2613.0 ,  209
580 2613.0 ,  209
592 2600.0 ,  208
592 2600.0 ,  208
592 2600.0 ,  208
592 2600.0 ,  208
592 2600.0 ,  208
592 2600.0 ,  208
555 2588.0 ,  207
555 2588.0 ,  207
555 2588.0 ,  207
555 2588.0 ,  207
555 2588.0 ,  207
555 2588.0 ,  207
555 2588.0 ,  207
575 2575.0 ,  206
575 2575.0 ,  206
575 2575.0 ,  206
575 2575.0 ,  206
575 2575.0 ,  206
556 2563.0 ,  205
543 2550.0 ,  204
543 2550.0 ,  204
543 2550.0 ,  204
551 2538.0 ,  203
551 2538.0 ,  203
551 2538.0 ,  203
551 2538.0 ,  203
551 2538.0 ,  203
543 2525.0 ,  202
543 2525.0 ,  202
543 2525.0 ,  202
543 2525.0 ,  202
543 2525.0 ,  202
543 2525.0 ,  202
557 2513.0 ,  201
557 2513.0 ,  201
557 2513.0 ,  201
557 2513.0 ,  201
557 2513.0 ,  201
549 2500.0 ,  200
549 2500.0 ,  200
549 2500.0 ,  200
549 2500.0 ,  200
549 2500.0 ,  200
527 2488.0 ,  199
527 2488.0 ,  199
527 2488.0 ,  199
527 2488.0 ,  199
527 2488.0 ,  199
527 2488.0 ,  199
537 2475.0 ,  198
537 2475.0 ,  198
533 2463.0 ,  197
533 2463.0 ,  197
533 2463.0 ,  197
533 2463.0 ,  197
533 2463.0 ,  197
511 2450.0 ,  196
511 2450.0 ,  196
511 2450.0 ,  196
511 2450.0 ,  196
511 2450.0 ,  196
511 2450.0 ,  196
477 2438.0 ,  195
477 2438.0 ,  195
477 2438.0 ,  195
477 2438.0 ,  195
487 2425.0 ,  194
487 2425.0 ,  194
487 2425.0 ,  194
493 2413.0 ,  193
495 2400.0 ,  192
495 2400.0 ,  192
495 2400.0 ,  192
495 2400.0 ,  192
501 2388.0 ,  191
501 2388.0 ,  191
501 2388.0 ,  191
501 2388.0 ,  191
520 2375.0 ,  190
519 2363.0 ,  189
519 2363.0 ,  189
519 2363.0 ,  189
519 2363.0 ,  189
519 2363.0 ,  189
519 2363.0 ,  189
503 2350.0 ,  188
502 2338.0 ,  187
506 2325.0 ,  186
506 2325.0 ,  186
522 2313.0 ,  185
520 2300.0 ,  184
520 2300.0 ,  184
520 2300.0 ,  184
520 2300.0 ,  184
520 2300.0 ,  184
520 2300.0 ,  184
520 2300.0 ,  184
506 2288.0 ,  183
506 2288.0 ,  183
506 2288.0 ,  183
506 2288.0 ,  183
506 2288.0 ,  183
506 2288.0 ,  183
506 2288.0 ,  183
540 2275.0 ,  182
540 2275.0 ,  182
538 2263.0 ,  181
538 2263.0 ,  181
532 2250.0 ,  180
532 2250.0 ,  180
532 2250.0 ,  180
532 2250.0 ,  180
532 2250.0 ,  180
544 2238.0 ,  179
544 2238.0 ,  179
538 2225.0 ,  178
538 2225.0 ,  178
538 2225.0 ,  178
538 2225.0 ,  178
538 2225.0 ,  178
554 2213.0 ,  177
558 2200.0 ,  176
558 2200.0 ,  176
558 2200.0 ,  176
558 2200.0 ,  176
558 2200.0 ,  176
558 2200.0 ,  176
558 2200.0 ,  176
558 2200.0 ,  176
558 2200.0 ,  176
558 2200.0 ,  176
558 2200.0 ,  176
506 2188.0 ,  175
506 2188.0 ,  175
500 2175.0 ,  174
500 2175.0 ,  174
500 2175.0 ,  174
500 2175.0 ,  174
500 2175.0 ,  174
525 2163.0 ,  173
525 2163.0 ,  173
525 2163.0 ,  173
525 2163.0 ,  173
525 2163.0 ,  173
525 2163.0 ,  173
525 2163.0 ,  173
507 2150.0 ,  172
506 2138.0 ,  171
508 2125.0 ,  170
507 2113.0 ,  169
505 2100.0 ,  168
505 2100.0 ,  168
505 2100.0 ,  168
505 2100.0 ,  168
505 2100.0 ,  168
505 2100.0 ,  168
533 2088.0 ,  167
533 2088.0 ,  167
533 2088.0 ,  167
529 2075.0 ,  166
529 2075.0 ,  166
529 2075.0 ,  166
529 2075.0 ,  166
529 2075.0 ,  166
560 2063.0 ,  165
560 2063.0 ,  165
560 2063.0 ,  165
560 2063.0 ,  165
560 2063.0 ,  165
560 2063.0 ,  165
560 2063.0 ,  165
560 2063.0 ,  165
597 2050.0 ,  164
597 2050.0 ,  164
597 2050.0 ,  164
597 2050.0 ,  164
597 2050.0 ,  164
597 2050.0 ,  164
597 2050.0 ,  164
617 2038.0 ,  163
617 2038.0 ,  163
611 2025.0 ,  162
611 2025.0 ,  162
611 2025.0 ,  162
611 2025.0 ,  162
611 2025.0 ,  162
629 2013.0 ,  161
629 2013.0 ,  161
629 2013.0 ,  161
648 2000.0 ,  160
648 2000.0 ,  160
648 2000.0 ,  160
648 2000.0 ,  160
640 1988.0 ,  159
640 1988.0 ,  159
640 1988.0 ,  159
640 1988.0 ,  159
640 1988.0 ,  159
640 1988.0 ,  159
640 1988.0 ,  159
640 1988.0 ,  159
640 1988.0 ,  159
612 1975.0 ,  158
614 1963.0 ,  157
614 1963.0 ,  157
614 1963.0 ,  157
614 1963.0 ,  157
614 1963.0 ,  157
614 1963.0 ,  157
614 1963.0 ,  157
586 1950.0 ,  156
586 1950.0 ,  156
586 1950.0 ,  156
586 1950.0 ,  156
586 1950.0 ,  156
586 1950.0 ,  156
570 1938.0 ,  155
570 1938.0 ,  155
570 1938.0 ,  155
570 1938.0 ,  155
570 1938.0 ,  155
570 1938.0 ,  155
545 1925.0 ,  154
545 1925.0 ,  154
551 1913.0 ,  153
551 1913.0 ,  153
551 1913.0 ,  153
551 1913.0 ,  153
551 1913.0 ,  153
517 1900.0 ,  152
517 1900.0 ,  152
517 1900.0 ,  152
513 1888.0 ,  151
513 1888.0 ,  151
513 1888.0 ,  151
513 1888.0 ,  151
513 1888.0 ,  151
513 1888.0 ,  151
497 1875.0 ,  150
497 1875.0 ,  150
501 1863.0 ,  149
499 1850.0 ,  148
510 1825.0 ,  146
510 1825.0 ,  146
516 1813.0 ,  145
516 1813.0 ,  145
516 1813.0 ,  145
516 1813.0 ,  145
516 1813.0 ,  145
516 1813.0 ,  145
544 1800.0 ,  144
544 1800.0 ,  144
544 1800.0 ,  144
528 1788.0 ,  143
528 1788.0 ,  143
528 1788.0 ,  143
528 1788.0 ,  143
528 1788.0 ,  143
528 1788.0 ,  143
528 1788.0 ,  143
528 1788.0 ,  143
528 1788.0 ,  143
554 1775.0 ,  142
554 1775.0 ,  142
554 1775.0 ,  142
554 1775.0 ,  142
554 1775.0 ,  142
541 1750.0 ,  140
541 1750.0 ,  140
541 1750.0 ,  140
541 1750.0 ,  140
541 1750.0 ,  140
519 1738.0 ,  139
519 1738.0 ,  139
519 1738.0 ,  139
519 1738.0 ,  139
513 1725.0 ,  138
512 1713.0 ,  137
512 1713.0 ,  137
512 1713.0 ,  137
512 1713.0 ,  137
512 1713.0 ,  137
512 1713.0 ,  137
512 1713.0 ,  137
481 1700.0 ,  136
481 1700.0 ,  136
481 1700.0 ,  136
481 1700.0 ,  136
481 1700.0 ,  136
481 1700.0 ,  136
481 1700.0 ,  136
481 1700.0 ,  136
481 1700.0 ,  136
513 1688.0 ,  135
500 1675.0 ,  134
500 1675.0 ,  134
500 1675.0 ,  134
500 1675.0 ,  134
494 1663.0 ,  133
494 1663.0 ,  133
494 1663.0 ,  133
513 1650.0 ,  132
512 1638.0 ,  131
512 1638.0 ,  131
512 1638.0 ,  131
512 1638.0 ,  131
512 1638.0 ,  131
502 1625.0 ,  130
501 1613.0 ,  129
501 1613.0 ,  129
501 1613.0 ,  129
501 1613.0 ,  129
501 1613.0 ,  129
501 1613.0 ,  129
513 1600.0 ,  128
513 1600.0 ,  128
513 1600.0 ,  128
513 1600.0 ,  128
513 1600.0 ,  128
503 1588.0 ,  127
507 1575.0 ,  126
507 1575.0 ,  126
494 1563.0 ,  125
494 1563.0 ,  125
494 1563.0 ,  125
494 1563.0 ,  125
494 1563.0 ,  125
494 1563.0 ,  125
519 1550.0 ,  124
519 1550.0 ,  124
519 1550.0 ,  124
519 1550.0 ,  124
511 1538.0 ,  123
511 1538.0 ,  123
511 1538.0 ,  123
507 1525.0 ,  122
520 1513.0 ,  121
520 1513.0 ,  121
520 1513.0 ,  121
520 1513.0 ,  121
520 1513.0 ,  121
504 1500.0 ,  120
504 1500.0 ,  120
504 1500.0 ,  120
510 1488.0 ,  119
510 1488.0 ,  119
510 1488.0 ,  119
510 1488.0 ,  119
510 1488.0 ,  119
520 1475.0 ,  118
520 1475.0 ,  118
520 1475.0 ,  118
520 1475.0 ,  118
520 1475.0 ,  118
520 1475.0 ,  118
520 1475.0 ,  118
483 1463.0 ,  117
483 1463.0 ,  117
483 1463.0 ,  117
483 1463.0 ,  117
483 1463.0 ,  117
483 1463.0 ,  117
495 1450.0 ,  116
495 1450.0 ,  116
495 1450.0 ,  116
495 1450.0 ,  116
495 1450.0 ,  116
467 1438.0 ,  115
467 1438.0 ,  115
467 1438.0 ,  115
451 1425.0 ,  114
451 1425.0 ,  114
451 1425.0 ,  114
451 1425.0 ,  114
451 1425.0 ,  114
465 1413.0 ,  113
465 1413.0 ,  113
465 1413.0 ,  113
475 1400.0 ,  112
475 1400.0 ,  112
475 1400.0 ,  112
475 1400.0 ,  112
475 1400.0 ,  112
459 1388.0 ,  111
459 1388.0 ,  111
455 1375.0 ,  110
455 1375.0 ,  110
453 1363.0 ,  109
440 1350.0 ,  108
439 1338.0 ,  107
439 1338.0 ,  107
439 1338.0 ,  107
439 1338.0 ,  107
431 1325.0 ,  106
431 1325.0 ,  106
431 1325.0 ,  106
426 1300.0 ,  104
426 1275.0 ,  102
425 1263.0 ,  101
412 1250.0 ,  100
412 1250.0 ,  100
412 1250.0 ,  100
412 1250.0 ,  100
412 1250.0 ,  100
426 1238.0 ,  99
426 1238.0 ,  99
426 1238.0 ,  99
426 1238.0 ,  99
426 1238.0 ,  99
426 1238.0 ,  99
426 1238.0 ,  99
442 1225.0 ,  98
442 1225.0 ,  98
442 1225.0 ,  98
442 1225.0 ,  98
442 1225.0 ,  98
442 1225.0 ,  98
442 1225.0 ,  98
462 1213.0 ,  97
462 1213.0 ,  97
462 1213.0 ,  97
462 1213.0 ,  97
470 1200.0 ,  96
470 1200.0 ,  96
470 1200.0 ,  96
466 1188.0 ,  95
466 1188.0 ,  95
466 1188.0 ,  95
466 1188.0 ,  95
466 1188.0 ,  95
500 1175.0 ,  94
500 1175.0 ,  94
500 1175.0 ,  94
500 1175.0 ,  94
500 1175.0 ,  94
500 1175.0 ,  94
537 1163.0 ,  93
537 1163.0 ,  93
537 1163.0 ,  93
543 1150.0 ,  92
543 1150.0 ,  92
543 1150.0 ,  92
543 1150.0 ,  92
543 1150.0 ,  92
543 1150.0 ,  92
529 1138.0 ,  91
529 1138.0 ,  91
529 1138.0 ,  91
525 1125.0 ,  90
525 1125.0 ,  90
525 1125.0 ,  90
525 1125.0 ,  90
525 1125.0 ,  90
550 1113.0 ,  89
550 1113.0 ,  89
550 1113.0 ,  89
550 1113.0 ,  89
550 1113.0 ,  89
558 1100.0 ,  88
558 1100.0 ,  88
564 1088.0 ,  87
564 1088.0 ,  87
564 1088.0 ,  87
564 1088.0 ,  87
580 1075.0 ,  86
580 1075.0 ,  86
580 1075.0 ,  86
580 1075.0 ,  86
590 1063.0 ,  85
590 1063.0 ,  85
586 1050.0 ,  84
586 1050.0 ,  84
588 1038.0 ,  83
588 1038.0 ,  83
588 1038.0 ,  83
588 1038.0 ,  83
588 1038.0 ,  83
588 1038.0 ,  83
616 1025.0 ,  82
616 1025.0 ,  82
616 1025.0 ,  82
616 1025.0 ,  82
616 1025.0 ,  82
616 1025.0 ,  82
616 1025.0 ,  82
650 1013.0 ,  81
648 1000.0 ,  80
648 1000.0 ,  80
648 1000.0 ,  80
648 1000.0 ,  80
648 1000.0 ,  80
623 988.0 ,  79
623 988.0 ,  79
642 975.0 ,  78
642 975.0 ,  78
640 963.0 ,  77
640 963.0 ,  77
640 963.0 ,  77
640 963.0 ,  77
640 963.0 ,  77
634 950.0 ,  76
634 950.0 ,  76
634 950.0 ,  76
634 950.0 ,  76
634 950.0 ,  76
626 938.0 ,  75
626 938.0 ,  75
626 938.0 ,  75
626 938.0 ,  75
626 938.0 ,  75
626 938.0 ,  75
626 938.0 ,  75
610 925.0 ,  74
610 925.0 ,  74
610 925.0 ,  74
610 925.0 ,  74
610 925.0 ,  74
610 925.0 ,  74
610 925.0 ,  74
610 925.0 ,  74
610 925.0 ,  74
636 913.0 ,  73
634 900.0 ,  72
634 900.0 ,  72
634 900.0 ,  72
634 900.0 ,  72
634 900.0 ,  72
634 900.0 ,  72
634 900.0 ,  72
671 888.0 ,  71
671 888.0 ,  71
671 888.0 ,  71
671 888.0 ,  71
671 888.0 ,  71
671 888.0 ,  71
699 875.0 ,  70
699 875.0 ,  70
699 875.0 ,  70
699 875.0 ,  70
689 863.0 ,  69
689 863.0 ,  69
689 863.0 ,  69
689 863.0 ,  69
689 863.0 ,  69
689 863.0 ,  69
703 850.0 ,  68
703 850.0 ,  68
703 850.0 ,  68
703 850.0 ,  68
703 850.0 ,  68
738 825.0 ,  66
738 825.0 ,  66
738 825.0 ,  66
738 825.0 ,  66
763 813.0 ,  65
763 813.0 ,  65
763 813.0 ,  65
763 813.0 ,  65
763 813.0 ,  65
763 813.0 ,  65
777 800.0 ,  64
779 788.0 ,  63
779 788.0 ,  63
779 788.0 ,  63
779 788.0 ,  63
763 775.0 ,  62
763 775.0 ,  62
763 775.0 ,  62
771 763.0 ,  61
endgame at round:  940
771 763.0 ,  61
endgame at round:  940
771 763.0 ,  61
endgame at round:  940
769 750.0 ,  60
endgame at round:  941
768 738.0 ,  59
endgame at round:  942
766 725.0 ,  58
endgame at round:  943
765 713.0 ,  57
endgame at round:  944
763 700.0 ,  56
endgame at round:  945
762 688.0 ,  55
endgame at round:  946
762 688.0 ,  55
endgame at round:  946
762 688.0 ,  55
endgame at round:  946
760 675.0 ,  54
endgame at round:  947
759 663.0 ,  53
endgame at round:  948
746 650.0 ,  52
endgame at round:  949
745 638.0 ,  51
endgame at round:  950
745 638.0 ,  51
endgame at round:  950
745 638.0 ,  51
endgame at round:  950
732 625.0 ,  50
endgame at round:  951
731 613.0 ,  49
endgame at round:  952
731 613.0 ,  49
endgame at round:  952
731 613.0 ,  49
endgame at round:  952
718 600.0 ,  48
endgame at round:  953
717 588.0 ,  47
endgame at round:  954
717 588.0 ,  47
endgame at round:  954
717 588.0 ,  47
endgame at round:  954
704 575.0 ,  46
endgame at round:  955
704 550.0 ,  44
endgame at round:  957
715 525.0 ,  42
endgame at round:  959
704 500.0 ,  40
endgame at round:  961
703 488.0 ,  39
endgame at round:  962
701 475.0 ,  38
endgame at round:  963
700 463.0 ,  37
endgame at round:  964
698 450.0 ,  36
endgame at round:  965
686 438.0 ,  35
endgame at round:  966
686 438.0 ,  35
endgame at round:  966
686 438.0 ,  35
endgame at round:  966
673 425.0 ,  34
endgame at round:  967
661 413.0 ,  33
endgame at round:  968
659 400.0 ,  32
endgame at round:  969
658 388.0 ,  31
endgame at round:  970
656 375.0 ,  30
endgame at round:  971
655 363.0 ,  29
endgame at round:  972
655 363.0 ,  29
endgame at round:  972
655 363.0 ,  29
endgame at round:  972
655 363.0 ,  29
endgame at round:  972
655 363.0 ,  29
endgame at round:  972
653 350.0 ,  28
endgame at round:  973
652 338.0 ,  27
endgame at round:  974
650 325.0 ,  26
endgame at round:  975
661 300.0 ,  24
endgame at round:  977
649 288.0 ,  23
endgame at round:  978
649 288.0 ,  23
endgame at round:  978
649 288.0 ,  23
endgame at round:  978
649 288.0 ,  23
endgame at round:  978
651 275.0 ,  22
endgame at round:  979
650 263.0 ,  21
endgame at round:  980
650 263.0 ,  21
endgame at round:  980
650 263.0 ,  21
endgame at round:  980
650 263.0 ,  21
endgame at round:  980
637 250.0 ,  20
endgame at round:  981
636 238.0 ,  19
endgame at round:  982
634 225.0 ,  18
endgame at round:  983
633 213.0 ,  17
endgame at round:  984
631 200.0 ,  16
endgame at round:  985
630 188.0 ,  15
endgame at round:  986
630 188.0 ,  15
endgame at round:  986
630 188.0 ,  15
endgame at round:  986
630 188.0 ,  15
endgame at round:  986
617 175.0 ,  14
endgame at round:  987
616 163.0 ,  13
endgame at round:  988
616 163.0 ,  13
endgame at round:  988
616 163.0 ,  13
endgame at round:  988
616 163.0 ,  13
endgame at round:  988
616 163.0 ,  13
endgame at round:  988
614 150.0 ,  12
endgame at round:  989
614 125.0 ,  10
endgame at round:  991
602 113.0 ,  9
endgame at round:  992
600 100.0 ,  8
endgame at round:  993
599 88.0 ,  7
endgame at round:  994
599 88.0 ,  7
endgame at round:  994
599 88.0 ,  7
endgame at round:  994
599 88.0 ,  7
endgame at round:  994
597 75.0 ,  6
endgame at round:  995
585 63.0 ,  5
endgame at round:  996
585 63.0 ,  5
endgame at round:  996
585 63.0 ,  5
endgame at round:  996
583 50.0 ,  4
endgame at round:  997
583 25.0 ,  2
endgame at round:  999
582 13.0 ,  1
endgame at round:  1000
